0 53 40 42 0 35 16 51 4 47 15 5 22 14 10 39 9 38 25 18 41 1 8 17 37 56 21 13 30 0 19 0 49 28 23 20 3 31 2 32 46 54 34 11 7 33 55 29 6 50 44 45 36 24 12 43 0 27 26 52 48 
0 38 7 25 18 21 11 19 47 52 53 14 42 5 26 16 28 10 44 34 0 20 0 4 56 8 0 0 9 31 55 46 29 50 41 48 3 17 6 54 12 15 2 39 30 22 43 40 45 35 1 49 51 23 32 27 33 13 36 37 24 
0 9 4 16 6 8 38 37 25 18 41 0 12 43 32 24 31 20 23 53 5 42 44 49 30 27 40 19 22 55 1 0 21 52 36 48 34 45 35 0 56 50 29 11 3 10 26 46 15 2 28 39 14 0 33 47 54 7 17 13 51 
0 48 15 43 8 36 24 30 0 22 51 17 31 34 42 20 18 16 12 41 4 9 27 0 0 54 35 0 5 45 11 39 6 1 10 29 26 21 2 53 52 19 55 47 32 49 38 28 44 37 14 7 23 13 25 3 33 40 46 50 56 
0 34 49 37 48 23 11 26 28 47 54 12 55 31 13 17 51 14 45 52 20 1 30 2 44 0 40 35 4 0 33 56 41 29 24 0 18 6 15 43 42 8 22 53 10 25 5 27 3 21 7 36 38 0 9 32 46 50 39 16 19 
0 43 56 0 48 27 45 11 13 24 8 33 0 34 44 47 15 51 10 41 28 0 6 0 32 12 22 16 23 18 25 20 54 49 9 4 30 37 35 5 38 40 26 29 52 39 55 1 2 3 50 42 14 7 21 31 46 17 36 19 53 
0 50 32 8 13 33 27 14 31 56 43 10 0 9 29 34 21 23 47 30 0 53 45 24 3 11 17 4 0 49 28 41 12 48 25 0 19 1 42 37 46 36 18 5 26 44 2 15 52 6 39 54 40 35 7 22 16 20 38 55 51 
0 18 34 15 37 42 7 10 14 45 41 20 52 40 8 0 55 3 6 24 13 21 9 54 25 38 49 31 12 23 33 39 0 19 27 2 32 48 56 22 26 1 30 53 47 35 0 0 51 36 28 29 44 5 50 17 16 43 46 4 11 
0 48 41 50 56 10 8 23 1 0 21 3 55 31 35 34 12 25 16 2 26 7 53 9 46 32 13 19 17 37 29 52 28 6 30 44 43 54 38 39 0 20 14 45 11 24 49 33 5 4 15 0 51 18 0 42 47 40 36 22 27 
0 23 13 37 48 41 2 30 0 22 47 33 12 5 0 4 42 3 10 53 39 55 36 20 46 31 54 38 15 17 7 1 34 24 50 51 18 19 56 27 35 49 8 14 32 40 9 52 21 11 26 0 28 25 16 29 6 45 0 44 43 
0 50 54 6 3 27 38 17 49 46 36 26 29 41 32 43 51 55 39 31 16 45 22 11 13 18 10 12 30 0 34 15 4 47 0 21 23 40 28 20 48 0 24 33 0 5 9 42 44 53 35 1 56 8 2 7 52 19 14 25 37 
0 49 3 17 11 4 0 8 43 55 56 7 45 31 46 20 51 39 21 6 42 29 15 33 37 35 0 47 14 23 36 9 30 54 53 52 12 18 48 10 27 0 2 19 41 16 32 5 0 50 40 22 26 28 38 25 44 1 34 24 13 
0 31 29 19 21 10 28 50 3 0 2 12 0 56 38 17 7 40 42 41 1 48 25 27 8 44 37 54 9 32 49 6 0 13 35 26 0 15 23 47 53 11 4 36 33 30 24 43 51 46 5 55 22 16 52 34 14 20 39 18 45 
0 18 27 1 42 35 10 38 30 45 34 28 13 39 52 31 47 0 19 6 33 55 0 11 40 43 17 23 48 37 22 36 0 25 53 2 4 3 12 41 32 21 56 15 7 5 51 44 14 0 54 8 16 26 49 20 24 29 46 9 50 
0 20 22 7 0 28 53 12 45 44 30 29 16 42 55 43 24 0 49 54 36 32 23 5 33 34 18 40 39 37 27 48 15 52 9 17 46 4 0 35 41 47 50 2 10 11 26 13 19 56 25 21 31 51 1 3 6 14 8 38 0 
0 37 24 43 32 44 0 6 48 19 29 15 20 8 1 9 50 25 11 46 0 47 22 0 16 40 3 21 26 31 14 56 33 30 2 10 7 54 17 55 18 5 52 42 13 35 27 49 53 4 34 41 36 45 39 0 28 23 12 38 51 
0 11 54 46 53 35 38 45 41 56 13 42 2 30 49 39 12 32 0 6 10 0 1 0 34 0 29 23 19 24 18 50 15 27 51 5 43 31 26 40 37 22 14 36 33 16 28 7 20 44 8 55 52 9 48 21 17 47 4 25 3 
0 27 36 41 7 14 2 0 20 16 53 43 44 52 0 3 17 0 42 39 15 49 13 22 45 12 11 38 40 23 50 26 51 28 19 32 35 9 4 6 25 24 30 31 18 29 5 37 46 0 55 47 21 10 8 54 1 33 34 56 48 
0 31 20 11 40 10 22 53 44 47 50 4 39 8 51 23 25 21 35 30 17 54 18 1 7 49 9 0 27 3 46 36 26 43 48 0 0 29 45 16 55 13 15 19 32 24 38 2 28 33 12 52 14 0 56 6 42 34 37 41 5 
0 10 49 14 22 53 32 23 5 47 35 18 7 31 6 8 4 43 56 0 42 16 21 12 25 15 44 0 13 40 54 30 45 46 2 0 19 26 55 24 3 37 28 1 17 11 36 48 52 0 50 33 9 51 29 20 38 41 39 27 34 
0 29 8 48 39 56 16 35 0 19 43 36 13 34 11 42 30 4 23 12 25 53 33 55 38 20 0 41 3 1 27 44 24 21 47 37 31 40 17 7 2 15 10 0 52 9 5 6 54 49 26 51 46 14 32 50 22 28 18 0 45 
0 56 41 37 30 6 16 54 43 20 42 3 47 49 51 5 28 50 0 0 48 46 15 21 18 2 9 23 12 0 53 0 24 45 1 4 36 22 14 38 52 55 35 27 17 34 11 13 40 25 10 7 31 39 8 26 32 33 44 19 29 
0 37 43 41 19 51 13 1 48 7 25 28 15 50 17 44 46 27 0 6 2 54 3 8 40 23 26 5 42 11 30 47 55 36 52 9 34 21 33 4 10 0 35 29 38 0 56 49 12 22 16 31 39 24 53 14 0 32 18 20 45 
0 48 15 26 51 19 14 33 42 28 43 29 52 27 38 50 36 44 30 46 0 11 32 45 40 35 24 0 31 13 54 41 1 12 4 55 16 0 21 20 7 6 5 53 3 37 10 17 49 9 23 56 8 2 25 34 47 39 0 18 22 
0 54 32 46 49 45 50 13 0 37 0 6 48 51 11 29 44 55 0 23 5 56 10 1 19 22 53 25 27 30 38 21 3 47 24 7 26 52 31 40 34 0 43 42 17 2 35 18 28 14 16 12 8 33 39 4 9 36 20 41 15 
0 37 55 33 54 15 3 20 29 14 22 8 6 11 10 13 46 12 49 17 5 56 31 0 38 48 34 23 21 0 53 45 16 32 4 47 26 27 24 18 40 51 28 2 30 7 36 25 0 9 42 50 35 1 39 41 52 44 43 0 19 
0 49 3 5 14 2 31 9 0 39 35 42 18 15 30 53 26 56 11 20 44 36 24 6 21 13 7 55 1 46 38 47 0 48 37 32 12 0 0 33 8 45 52 10 34 51 54 16 29 22 19 23 25 27 28 40 4 50 41 43 17 
0 50 24 45 41 35 16 46 0 29 20 32 4 55 28 39 37 36 21 3 43 11 38 22 6 14 8 47 31 52 13 0 23 56 15 26 44 0 48 17 49 34 40 53 19 33 51 30 12 5 42 2 7 0 27 25 1 10 9 54 18 
0 44 8 45 54 49 15 55 26 0 10 39 37 0 24 14 0 17 22 0 48 50 43 19 32 5 12 38 46 51 28 47 13 23 53 41 40 33 29 35 21 52 9 11 27 18 30 20 2 1 16 34 3 31 56 7 36 6 25 4 42 
0 14 43 1 48 11 31 21 44 15 32 47 17 34 50 49 24 55 12 23 7 54 29 41 8 3 33 18 22 39 20 19 45 27 25 42 2 4 0 10 56 0 6 51 26 30 36 9 37 16 46 28 53 13 0 0 40 35 38 52 5 
0 15 44 2 6 20 52 0 47 31 10 18 12 36 3 46 35 54 34 39 13 32 43 48 1 45 19 23 27 5 51 30 22 0 25 50 42 26 37 33 14 16 38 0 28 8 56 41 9 11 21 53 4 55 0 17 29 49 24 40 7 
0 21 4 34 0 24 48 18 39 23 27 38 47 20 55 31 1 43 10 41 6 46 15 52 0 11 40 19 44 51 8 42 0 53 17 25 0 45 37 33 56 13 29 28 50 5 7 16 22 35 26 14 32 3 49 30 2 36 12 9 54 
0 45 52 14 23 32 43 40 4 50 6 22 33 17 13 9 55 15 42 41 16 35 19 53 49 37 44 0 25 12 30 11 29 7 0 1 46 3 8 54 34 26 27 24 47 5 18 36 51 39 10 21 48 0 38 20 28 2 31 0 56 
0 14 21 13 25 29 12 55 45 35 31 1 33 28 53 15 23 38 20 51 42 30 10 32 44 2 47 52 34 4 7 8 50 43 9 48 27 18 0 11 49 6 40 0 37 19 0 36 26 0 54 16 41 5 46 3 56 39 17 22 24 
0 26 0 16 14 40 11 42 5 20 21 54 53 47 39 25 56 10 36 19 7 37 27 31 17 0 46 45 55 2 44 29 48 0 6 3 32 35 1 51 23 22 43 0 24 4 52 30 18 50 33 49 9 38 8 15 13 12 28 34 41 
0 26 50 54 0 16 3 21 0 12 11 15 24 4 47 14 8 23 55 1 25 48 35 0 18 20 49 19 10 17 30 44 9 52 6 34 29 31 39 36 51 56 33 13 0 27 42 5 45 22 38 46 28 40 53 37 41 43 7 2 32 
0 3 55 36 31 11 16 26 33 30 0 32 7 41 2 24 18 15 40 13 0 43 10 12 29 34 53 47 39 28 23 45 46 37 42 27 19 9 5 8 44 6 0 14 52 38 50 22 0 21 54 25 20 4 48 35 49 17 1 51 56 
0 23 42 51 6 15 7 31 5 34 30 38 13 26 56 37 43 39 12 14 9 49 35 17 4 16 40 3 0 25 45 27 53 41 18 19 8 21 55 33 22 36 28 54 2 10 0 50 0 11 32 29 20 44 52 0 46 1 24 47 48 
0 28 37 0 10 43 9 27 7 20 25 55 49 32 21 16 0 42 52 0 39 6 47 46 54 33 24 11 30 51 23 41 8 48 29 26 44 12 15 17 34 45 38 19 18 13 31 14 36 0 53 40 56 50 22 35 3 1 4 5 2 
0 1 26 32 10 52 24 30 54 18 9 5 7 56 2 40 44 42 11 36 49 0 14 35 37 27 0 33 20 22 25 0 41 0 31 48 21 45 39 3 16 28 34 17 19 50 53 47 46 51 55 8 12 43 15 13 29 6 38 4 23 
0 50 35 0 13 8 19 34 7 29 40 27 25 0 51 22 55 1 0 56 44 38 31 33 26 4 15 0 12 32 5 14 3 43 48 28 18 39 21 23 16 17 6 45 49 47 41 42 30 52 10 46 36 54 37 53 11 20 9 24 2 
0 30 29 56 0 23 39 11 28 12 5 2 38 0 44 22 49 41 31 55 25 27 36 53 35 50 0 34 47 17 42 32 3 8 6 0 10 18 33 45 43 9 7 13 1 48 19 15 54 24 51 26 37 21 20 16 4 14 52 46 40 
0 0 9 34 53 30 15 26 8 36 1 48 56 47 43 38 7 23 28 0 27 25 20 10 33 19 50 41 17 0 35 52 5 12 18 0 32 55 4 3 31 21 49 2 37 11 22 39 13 46 42 29 54 14 45 44 16 40 6 24 51 
0 25 31 56 0 33 30 53 1 27 48 47 9 6 38 20 36 50 45 29 3 22 2 52 0 16 5 15 13 34 43 55 24 49 35 26 7 46 10 21 12 17 39 54 44 32 37 42 0 23 18 14 40 51 28 8 0 4 19 41 11 
0 33 38 28 52 8 26 19 30 39 18 0 10 36 14 40 56 25 5 51 50 4 27 44 7 17 47 21 49 2 48 34 41 0 15 0 1 31 32 12 22 0 37 24 3 46 9 11 13 55 54 6 20 35 43 42 45 16 29 23 53 
0 48 36 46 40 9 47 34 11 31 49 3 23 26 56 0 45 21 7 2 53 17 43 16 32 27 15 5 13 0 18 30 41 37 6 4 52 24 0 55 35 39 29 12 33 42 25 28 8 22 1 50 10 44 19 0 14 51 54 38 20 
0 36 47 19 12 3 45 13 38 41 1 51 16 17 9 6 44 24 2 0 14 32 0 50 37 34 15 55 46 40 8 42 20 5 23 39 56 10 43 31 28 35 26 11 52 33 54 49 27 18 0 30 53 4 25 7 48 0 22 29 21 
0 3 23 19 40 16 33 9 31 13 5 4 28 46 15 51 17 52 53 1 34 24 25 0 27 11 2 37 20 49 18 47 6 14 26 43 39 50 42 0 44 38 22 41 0 36 54 45 21 48 8 35 55 30 10 29 56 32 7 12 0 
0 52 16 30 31 42 2 32 13 45 36 34 3 24 33 37 0 4 56 20 29 39 55 26 44 9 17 41 49 43 18 11 0 47 48 38 22 12 0 35 8 10 27 6 23 1 28 0 7 19 46 14 25 21 54 5 53 15 40 50 51 
0 21 0 8 33 12 40 54 56 44 48 38 43 22 53 29 0 26 0 0 49 51 28 19 15 46 11 36 41 4 55 7 17 27 45 39 20 1 47 16 13 30 34 2 50 25 5 23 18 52 24 14 10 37 31 35 9 6 42 3 32 
0 50 6 32 10 20 13 49 55 0 11 39 31 53 42 15 44 25 45 5 14 38 36 21 8 35 56 2 19 47 17 46 23 52 54 0 33 48 22 41 24 16 9 27 0 18 28 3 1 34 12 4 7 37 29 40 0 51 30 26 43 
0 30 9 52 51 48 56 11 12 32 15 4 53 28 22 43 47 36 49 55 18 45 19 2 20 50 10 3 33 0 0 54 17 1 6 44 13 37 23 41 7 24 40 38 14 5 8 29 0 21 31 0 25 34 16 27 35 39 42 26 46 
0 23 14 41 6 7 13 0 56 0 34 48 22 51 9 1 30 3 53 11 16 0 52 54 40 25 35 4 37 29 18 42 47 46 28 17 24 8 32 10 5 2 20 15 31 0 49 39 36 44 27 45 50 26 43 33 21 12 55 38 19 
0 49 16 35 2 47 15 48 25 33 27 24 1 52 31 21 26 50 10 30 9 14 19 23 12 17 44 7 0 28 51 5 18 54 42 20 46 36 56 43 8 4 0 11 13 3 38 22 34 32 0 55 6 29 37 0 53 45 41 40 39 
0 6 32 52 50 40 3 56 0 19 44 16 0 46 11 8 42 47 30 38 18 41 22 2 13 43 28 45 36 39 53 26 0 37 9 20 35 1 31 7 0 25 34 51 17 48 14 21 29 5 24 4 49 15 12 10 33 54 23 27 55 
0 8 6 44 43 30 53 20 21 48 14 3 16 55 35 32 15 12 29 22 1 33 24 56 34 5 11 51 38 47 17 45 0 37 31 18 13 7 54 25 19 4 9 50 10 49 52 2 27 36 0 26 28 0 40 0 41 39 42 46 23 
0 51 29 13 42 54 0 22 31 55 1 10 14 0 24 9 56 36 0 7 46 28 26 8 17 50 21 0 43 53 11 12 32 47 18 35 34 49 20 38 37 5 41 23 45 40 19 48 30 3 44 16 6 39 27 4 52 25 2 33 15 
0 0 2 12 37 35 49 16 31 45 13 10 56 24 32 30 34 7 28 42 48 54 39 1 41 18 23 38 17 4 52 27 44 50 6 22 43 33 19 15 20 0 8 26 47 29 3 55 14 46 0 25 21 5 40 51 36 53 11 0 9 
0 6 35 46 4 36 22 24 34 0 10 26 53 25 0 48 23 27 33 51 28 41 7 40 18 17 37 19 11 30 32 54 52 45 1 12 31 15 38 50 42 0 39 9 49 2 13 47 44 16 8 20 43 56 21 5 14 3 29 55 0 
0 28 29 45 50 24 32 55 12 42 22 11 39 16 0 20 53 43 8 6 49 48 54 44 40 19 1 17 30 13 0 23 51 7 14 41 18 37 0 25 35 46 36 9 47 5 33 31 38 27 3 26 52 15 10 21 0 4 56 2 34 
0 50 10 35 54 42 49 36 45 0 27 0 8 46 13 11 37 18 44 2 39 19 14 1 3 12 21 30 0 48 6 4 41 20 40 34 51 25 23 0 56 17 29 16 38 28 24 53 47 32 31 33 22 9 5 15 26 55 7 43 52 
0 28 7 55 53 10 40 50 56 9 18 30 14 26 5 0 1 0 42 41 3 23 34 0 4 24 51 22 31 49 27 38 13 36 35 11 39 43 15 12 54 21 6 37 52 45 19 8 17 33 2 25 48 32 16 47 29 0 46 20 44 
0 23 19 53 37 16 5 41 18 36 25 8 24 39 47 44 43 51 40 0 31 50 14 0 49 20 52 7 32 17 22 9 38 0 27 45 28 42 11 34 35 30 1 21 54 3 56 6 15 12 10 0 26 13 33 29 2 4 46 55 48 
0 10 51 20 29 27 7 24 50 14 39 49 33 12 55 0 53 21 9 54 1 22 18 44 28 3 6 45 13 0 47 41 8 4 31 38 42 32 37 40 11 52 43 5 2 17 15 34 0 56 48 35 23 16 19 0 25 36 26 30 46 
0 11 3 19 44 29 43 41 15 26 2 9 1 51 49 27 16 33 13 40 24 35 0 7 6 30 39 17 20 0 56 34 42 32 31 14 8 45 52 37 0 21 50 5 25 55 22 4 10 12 18 38 53 48 47 46 0 54 28 23 36 
0 34 14 49 53 32 55 7 27 45 37 48 16 21 29 19 41 10 42 47 44 20 43 11 24 3 8 15 39 0 23 51 28 25 17 52 33 35 26 0 30 13 18 46 2 0 5 1 54 12 56 36 9 50 4 0 40 38 6 22 31 
0 54 25 0 15 4 16 35 21 41 40 38 17 51 30 52 49 6 33 5 14 29 18 13 46 22 32 9 20 43 56 47 24 0 31 11 53 34 19 10 3 50 12 23 27 39 36 1 0 2 37 8 0 48 26 28 7 42 45 44 55 
0 0 23 40 53 24 31 0 46 0 50 36 32 21 27 33 52 26 47 49 38 35 45 20 13 28 29 12 5 14 9 0 2 4 22 54 37 34 44 6 15 3 39 16 42 10 30 7 43 55 1 17 8 51 25 18 56 11 19 48 41 
0 47 49 46 32 23 19 14 37 22 13 6 55 0 0 0 26 3 27 35 16 21 1 51 44 52 5 41 11 34 45 31 12 54 53 10 28 7 29 24 2 39 33 9 50 15 42 8 25 30 17 40 38 20 0 36 18 48 4 43 56 
0 0 22 46 49 37 54 41 43 2 38 21 4 3 13 52 45 20 55 39 36 51 0 5 19 30 24 0 35 50 53 27 12 56 40 11 14 0 44 29 8 10 26 47 42 15 7 18 34 6 31 28 9 33 32 1 17 23 25 16 48 
0 9 48 12 21 53 42 6 33 0 37 52 24 36 29 49 32 0 16 35 43 54 3 1 39 13 14 10 41 46 30 8 25 20 11 4 34 7 2 19 50 31 55 15 28 5 47 23 18 40 26 17 45 0 0 38 56 27 51 44 22 
0 8 46 4 47 5 0 12 52 51 48 25 26 40 23 39 1 0 43 27 56 7 36 45 2 53 6 24 16 30 15 49 29 13 35 0 10 50 38 41 11 17 44 32 19 37 55 54 3 0 18 14 21 34 22 28 9 31 20 33 42 
0 5 12 49 24 15 1 21 27 10 55 31 0 52 9 4 23 0 6 13 38 39 17 34 7 20 16 26 33 45 53 36 51 30 44 47 37 8 35 25 32 0 46 56 50 41 19 28 14 0 40 43 18 48 11 54 29 42 2 22 3 
0 5 16 24 2 10 0 50 42 48 27 54 44 55 15 18 11 30 8 41 32 13 21 19 34 56 35 49 43 0 38 23 39 6 47 0 52 22 25 40 51 33 0 37 1 46 26 3 9 14 36 17 12 31 4 53 7 20 28 45 29 
0 55 56 14 47 4 42 41 44 23 3 12 1 46 5 27 31 37 0 30 0 34 26 20 36 28 21 29 8 11 49 6 9 32 7 2 51 15 50 45 38 24 18 10 48 40 19 53 16 25 52 39 0 33 13 0 17 54 43 22 35 
