0 10 4 0 22 16 15 9 19 5 7 1 3 14 13 6 11 8 17 20 2 18 0 21 12 
0 8 20 3 4 2 16 0 0 5 12 11 22 19 15 9 10 17 14 7 13 1 21 6 18 
0 16 9 6 20 12 7 0 4 2 13 5 11 0 3 15 17 14 19 22 10 21 1 18 8 
0 0 8 16 0 9 13 2 3 20 17 4 6 19 14 10 11 22 5 1 7 15 21 18 12 
0 17 16 15 12 3 13 10 9 6 7 0 20 8 1 14 5 0 2 21 4 11 18 19 22 
0 2 20 21 0 9 3 7 13 14 8 12 0 19 4 10 11 15 18 5 6 17 16 22 1 
0 4 13 20 12 0 3 10 14 15 7 1 21 22 6 17 16 11 19 5 8 18 2 0 9 
0 6 1 18 3 4 19 13 10 15 20 22 2 12 11 21 7 5 8 9 16 0 17 14 0 
0 4 19 6 8 21 22 16 9 15 0 7 20 0 13 11 12 18 5 10 17 3 1 14 2 
0 15 13 0 19 14 8 11 21 0 4 16 9 22 12 1 5 10 3 2 20 6 18 17 7 
