0 76 48 27 13 62 37 85 31 8 114 90 78 0 16 20 18 118 57 83 19 72 6 122 74 65 49 0 107 91 63 98 113 86 116 112 81 51 52 117 41 121 73 55 110 56 67 0 108 29 95 60 94 96 26 66 100 92 53 28 39 14 97 47 93 17 7 34 25 120 44 50 40 109 0 88 61 64 42 111 84 89 106 68 99 21 22 9 38 119 102 115 15 35 32 36 2 58 3 11 10 87 5 33 104 12 24 75 71 23 82 30 103 4 77 59 43 79 101 80 70 69 1 45 54 46 105 
0 16 0 94 83 0 29 47 0 107 17 57 93 98 104 111 114 12 78 23 68 46 103 92 62 74 58 39 2 4 75 34 32 59 20 1 41 67 7 119 30 53 77 91 19 24 66 84 101 70 36 106 61 60 108 40 8 80 85 54 10 51 120 118 5 27 105 102 116 82 90 121 113 15 72 99 48 33 112 43 96 97 95 81 22 100 11 6 9 31 89 63 69 88 45 71 49 13 122 35 28 0 55 44 18 73 109 26 21 110 37 52 79 42 3 117 65 38 50 86 14 64 25 76 56 115 87 
0 108 0 37 16 17 64 66 71 104 8 92 48 4 94 79 54 97 14 121 78 81 106 22 103 105 25 60 76 62 72 35 67 112 53 110 98 20 82 83 86 55 69 45 0 57 21 107 7 10 31 65 0 23 116 49 19 1 75 2 109 90 63 56 88 18 5 114 68 3 29 73 99 95 13 43 91 39 111 96 42 6 120 50 30 44 74 84 87 117 12 36 11 47 32 26 40 27 102 24 34 46 85 61 89 70 100 80 101 0 28 33 15 59 122 115 113 9 52 118 51 58 41 77 93 38 119 
0 103 38 95 99 106 61 85 2 87 112 50 60 43 16 71 111 19 47 13 56 15 108 42 69 117 20 93 5 77 24 9 0 110 49 58 105 0 114 35 11 116 101 94 90 26 32 119 80 0 14 28 107 115 98 25 37 33 59 113 55 6 70 97 91 96 45 122 78 67 39 40 27 118 21 48 66 10 7 81 104 72 44 53 86 62 64 92 31 29 82 88 57 84 65 41 0 68 100 1 120 30 12 79 23 52 73 51 36 121 109 17 76 18 75 46 89 8 3 74 54 83 102 4 63 34 22 
0 6 84 61 9 31 80 15 114 98 5 7 93 21 92 12 60 45 77 53 66 116 79 55 101 28 49 106 43 59 71 17 24 52 82 29 11 62 87 0 110 122 30 13 99 39 41 113 67 36 85 64 120 69 8 112 86 44 47 51 96 104 103 20 108 100 118 83 121 42 119 0 94 76 56 102 89 48 65 10 18 38 95 2 73 91 115 14 111 90 0 50 74 109 16 54 63 46 105 22 58 88 33 97 117 40 35 26 70 19 37 23 27 34 107 0 32 78 81 4 3 75 57 68 25 1 72 
0 24 45 14 59 99 33 114 19 50 88 86 1 122 103 80 0 73 69 87 53 102 37 0 75 32 109 81 4 8 47 25 54 110 42 92 83 44 100 70 61 74 94 56 29 38 11 41 5 111 18 58 49 28 98 26 79 2 64 108 16 118 40 17 15 71 104 119 62 23 95 51 30 106 84 77 90 101 7 72 0 112 116 48 67 10 105 113 43 31 0 93 68 27 39 78 36 97 82 52 12 89 21 91 65 117 3 57 85 120 46 9 55 76 96 13 115 35 6 66 121 22 63 34 107 60 20 
0 10 54 51 87 0 72 85 40 103 79 104 88 98 35 86 93 68 74 108 24 27 84 55 3 47 113 89 57 7 112 14 45 100 78 102 61 23 12 38 82 63 16 46 42 66 53 56 114 25 121 101 59 44 18 48 9 0 91 32 69 122 65 115 67 80 36 95 99 77 5 0 81 39 109 96 17 33 116 73 8 70 19 90 94 4 0 20 83 21 120 26 110 107 106 41 62 1 2 6 11 111 15 76 118 43 34 92 117 28 50 75 71 60 37 105 31 119 22 97 49 58 64 30 52 29 13 
0 73 85 81 84 22 79 99 45 71 119 7 101 82 28 6 106 90 0 80 25 16 78 54 36 2 19 59 56 88 0 24 110 89 30 31 76 29 60 61 92 40 47 10 102 46 1 109 96 74 18 63 57 77 86 70 111 83 52 64 20 3 104 37 9 23 53 118 107 108 48 26 21 38 0 114 69 67 93 112 121 97 14 62 75 120 66 44 43 27 72 0 65 32 55 13 105 87 15 49 100 122 117 41 34 94 8 50 5 39 11 42 103 33 12 35 68 95 4 58 113 116 91 98 51 115 17 
0 67 61 103 38 115 93 4 98 16 40 120 32 17 100 121 102 59 72 12 73 84 22 108 54 71 39 85 79 18 5 43 44 50 105 122 111 51 41 46 114 107 106 19 0 36 89 78 75 21 0 91 109 82 8 110 60 42 57 0 45 20 113 1 30 65 96 6 97 116 52 86 90 95 49 69 2 87 118 33 119 62 25 112 47 58 55 31 64 77 26 29 37 63 48 76 3 56 66 23 101 28 0 10 11 83 68 74 81 9 34 27 14 92 35 88 70 13 104 7 80 94 53 99 24 15 117 
0 22 49 114 47 115 70 39 2 41 38 84 102 5 61 121 97 0 75 113 0 104 40 80 98 86 21 16 35 57 108 50 88 0 59 11 78 93 10 122 68 67 26 32 81 116 29 79 60 25 6 42 58 65 83 119 0 51 77 31 74 18 44 87 8 111 96 64 100 82 72 45 73 69 94 71 7 90 99 1 24 91 13 120 85 33 14 4 30 20 27 109 9 12 55 52 107 92 28 63 43 56 36 89 117 95 106 66 112 53 37 101 76 17 110 48 34 105 23 3 118 54 19 46 62 15 103 
0 112 14 30 70 76 103 57 51 46 99 94 19 56 27 73 86 55 13 32 97 98 71 85 108 38 37 11 104 4 93 49 5 45 3 10 92 52 9 84 47 87 59 122 34 39 60 22 119 96 74 54 100 6 67 79 106 88 110 2 50 1 21 82 105 26 120 15 95 7 91 12 29 33 0 83 17 16 43 114 0 101 80 41 102 18 68 42 65 0 117 111 115 0 58 89 75 24 113 23 44 31 61 118 48 64 28 63 109 40 90 62 36 35 121 20 66 78 107 69 8 116 77 81 72 53 25 
0 11 63 32 114 55 106 94 6 50 97 13 93 89 98 90 16 67 107 79 12 22 108 5 59 102 82 37 117 87 105 95 99 104 46 80 45 26 27 24 60 78 119 120 2 0 30 109 101 25 88 42 53 96 1 83 0 41 64 44 111 74 110 113 112 8 91 57 49 76 21 38 85 43 62 103 19 10 20 92 58 40 4 75 65 72 86 47 100 84 9 48 14 52 17 0 121 34 122 35 118 33 3 70 36 56 28 31 23 15 66 77 7 18 71 0 116 81 29 115 39 51 69 54 73 61 68 
0 36 80 106 92 45 47 24 39 72 104 93 0 0 40 21 4 74 41 112 78 20 68 71 121 86 118 28 11 29 22 6 111 14 65 58 37 35 96 26 113 53 17 55 34 89 59 100 122 110 101 102 0 12 5 42 2 95 7 84 69 1 10 9 114 18 73 109 88 52 107 119 25 0 64 48 61 60 77 76 43 32 13 30 51 94 91 50 27 62 3 75 16 98 63 120 83 70 23 66 15 87 108 117 19 67 116 82 31 90 103 57 44 105 97 38 46 49 54 56 79 8 99 115 81 85 33 
0 79 66 88 81 76 121 0 15 98 39 1 55 106 118 14 56 114 21 97 32 117 49 8 104 61 12 78 24 94 7 42 75 116 53 43 95 92 27 25 48 0 68 4 10 120 102 119 57 96 89 30 70 9 37 16 46 28 59 63 112 35 38 52 5 13 29 122 17 85 115 111 101 103 45 74 33 84 19 44 86 11 80 23 87 73 34 20 47 113 64 26 50 109 51 90 107 71 108 65 58 82 0 69 99 41 91 72 18 0 77 22 54 93 36 60 40 110 3 2 100 31 67 6 62 105 83 
0 38 42 86 98 84 122 41 11 0 60 9 94 8 88 101 55 31 23 43 66 46 37 114 69 19 2 113 10 109 78 20 108 105 77 4 57 74 40 115 58 68 34 25 45 89 95 39 12 87 29 102 99 48 44 118 7 103 80 61 72 47 111 90 116 63 6 59 3 24 120 13 64 112 52 54 36 53 0 83 117 71 22 5 35 30 79 70 62 100 49 73 26 121 97 1 93 33 75 92 18 0 67 85 50 28 91 16 51 107 65 27 96 0 32 76 82 56 110 15 14 106 81 119 17 104 21 
0 8 50 91 30 109 25 112 40 90 77 107 73 103 38 45 116 23 84 80 39 62 53 57 78 61 88 108 24 26 12 60 29 3 56 117 55 22 87 95 96 35 49 20 33 115 31 59 7 79 16 17 86 110 36 81 69 6 27 18 92 64 46 89 94 37 118 72 32 9 101 99 34 105 85 119 66 41 52 0 14 76 83 98 19 28 120 42 21 1 93 65 106 0 58 70 11 121 63 10 113 104 82 111 71 97 48 44 43 13 2 68 114 5 15 75 74 4 122 67 51 0 54 47 100 102 0 
0 43 8 99 45 40 52 93 114 87 85 81 102 111 19 7 70 0 28 9 41 12 4 100 110 97 13 103 21 69 53 16 36 83 73 113 15 104 0 38 109 76 122 1 49 92 17 35 59 101 60 20 34 67 18 107 31 88 121 50 120 58 108 94 112 91 62 95 64 66 86 54 90 72 44 56 74 14 78 96 3 47 61 79 55 75 39 80 89 24 0 77 25 10 84 51 42 48 65 116 32 37 0 57 27 26 106 115 23 105 68 11 98 30 117 6 71 33 22 5 63 118 2 82 119 29 46 
0 98 59 12 77 0 73 100 116 46 13 61 70 112 92 35 79 16 72 37 109 21 43 18 25 86 2 3 85 50 23 82 34 110 69 14 5 45 76 9 11 58 0 88 0 95 111 7 75 62 114 28 17 0 52 42 108 107 67 33 8 115 101 94 87 84 102 91 55 36 104 15 41 63 66 120 71 56 48 118 19 22 64 57 40 1 106 105 20 93 27 103 51 32 29 81 31 80 6 121 119 122 26 10 60 68 54 49 38 39 47 117 74 96 65 113 99 97 24 89 90 83 4 30 44 78 53 
0 56 83 52 108 47 70 1 63 53 80 17 14 11 43 4 36 121 38 77 0 72 64 117 79 67 34 40 48 51 103 10 115 69 106 105 2 120 31 84 21 0 111 44 89 27 87 58 100 35 18 113 66 74 62 85 71 110 118 22 91 75 61 54 88 60 109 81 50 49 59 46 95 42 25 78 5 32 55 68 33 97 112 92 15 7 90 94 122 0 114 86 99 26 101 116 76 107 45 37 96 6 30 20 57 9 19 93 41 102 8 13 0 104 39 23 29 28 119 98 12 82 65 24 73 3 16 
0 67 74 78 89 114 59 17 53 36 0 50 20 91 3 61 100 70 41 118 45 54 37 107 83 94 34 43 55 115 64 71 72 22 0 58 75 63 108 99 116 121 4 60 98 85 11 2 51 122 68 97 15 14 76 96 0 103 28 77 23 80 119 12 31 33 105 57 56 66 40 10 82 21 19 111 106 102 29 18 13 26 1 87 38 30 7 110 90 52 73 42 39 32 8 27 92 79 35 117 49 120 16 113 44 48 86 104 81 109 101 0 112 65 47 95 46 84 25 93 6 5 69 62 24 88 9 
0 22 18 14 86 50 87 81 60 95 72 113 122 117 53 17 52 8 57 48 55 108 30 90 0 120 12 119 27 99 66 89 100 39 43 6 77 35 16 106 121 92 4 116 44 101 97 114 49 47 94 76 1 26 69 96 111 68 75 112 59 103 45 31 88 61 65 70 10 11 71 5 32 62 20 58 80 25 91 67 102 51 13 93 19 115 23 109 78 37 74 64 73 84 46 0 36 28 79 98 56 15 7 104 82 0 21 38 2 54 63 40 33 105 107 34 41 29 0 118 24 3 42 110 83 85 9 
0 97 0 9 6 19 102 10 106 98 41 31 53 3 35 26 93 48 8 34 45 95 62 32 115 17 96 73 100 89 28 64 108 81 42 33 70 75 83 56 119 74 121 82 110 46 21 29 15 52 0 78 43 4 36 2 72 117 105 39 54 12 94 0 107 90 114 38 77 63 112 25 5 109 104 61 24 51 85 18 50 86 13 14 11 7 103 47 99 69 58 57 0 122 23 113 84 92 49 116 16 44 1 88 20 87 37 27 101 76 111 65 79 67 22 120 118 66 59 60 55 91 71 30 40 68 80 
0 35 111 0 71 101 112 52 62 78 91 68 107 34 33 2 3 94 81 36 105 61 9 0 17 65 93 18 30 90 113 46 11 104 57 74 10 66 6 67 56 117 89 19 103 55 86 0 49 5 48 15 40 106 85 118 110 119 88 1 12 115 73 25 70 79 21 29 37 27 53 80 47 45 4 54 43 8 96 7 32 77 26 84 31 22 28 100 51 108 42 60 76 120 98 116 44 82 72 87 64 0 99 114 102 16 69 14 59 20 122 24 63 13 23 38 97 109 41 50 75 83 121 92 95 39 58 
0 70 13 87 94 88 17 23 97 112 107 54 82 11 118 20 75 57 32 81 46 117 79 44 85 21 8 38 77 66 59 110 106 41 55 33 49 22 42 24 78 101 65 105 28 3 90 34 114 98 7 37 122 40 51 30 119 80 96 2 99 16 115 116 103 92 71 72 53 100 0 102 48 56 109 104 62 86 74 0 58 83 43 52 15 0 14 10 25 67 35 6 39 1 120 108 121 93 26 60 68 4 111 50 9 45 95 36 113 91 47 27 19 73 61 69 18 12 84 5 63 76 0 64 89 31 29 
0 80 102 3 103 34 78 25 47 22 58 65 60 82 104 116 64 106 95 99 59 18 11 71 37 16 86 98 28 50 52 54 7 111 119 122 17 24 68 32 10 5 2 20 100 114 92 85 83 88 44 110 45 93 118 101 43 33 21 91 61 38 19 30 70 23 115 73 87 69 75 97 42 35 29 113 120 36 0 4 0 77 0 6 81 51 39 72 55 74 0 8 108 63 40 96 121 56 66 1 12 109 84 89 112 26 105 46 13 14 48 90 79 76 27 9 15 57 41 94 107 62 49 67 117 31 53 
0 90 36 49 0 27 62 103 63 118 112 50 86 38 100 82 93 11 42 113 45 53 102 85 57 39 84 47 13 81 98 2 108 43 70 48 19 115 94 41 1 99 31 7 109 78 60 17 66 14 96 29 67 95 4 52 71 105 51 91 10 59 33 23 88 122 54 101 5 92 24 80 75 55 61 83 111 3 107 34 77 0 9 32 121 37 18 106 35 56 73 46 65 117 28 30 20 69 21 0 26 97 40 120 72 16 110 104 15 116 8 0 22 25 6 87 76 44 68 64 79 12 58 114 119 74 89 
0 12 36 25 65 29 110 39 78 2 45 28 90 76 70 0 7 24 122 47 84 67 68 9 46 22 1 60 10 0 44 41 83 27 33 88 101 74 15 100 16 86 43 71 21 96 93 31 108 61 113 57 102 0 116 105 54 5 73 115 23 3 40 120 64 106 58 6 32 121 81 117 80 114 103 30 63 51 91 118 75 107 97 49 53 11 18 37 89 95 59 48 111 85 98 4 94 87 104 69 92 72 20 0 42 14 99 66 34 119 109 62 35 77 26 13 82 56 79 50 38 8 17 55 19 112 52 
0 94 8 14 23 95 85 42 96 109 54 86 20 64 100 19 65 104 112 3 87 81 73 24 51 33 61 49 105 48 62 18 46 26 63 17 53 116 74 79 21 75 52 5 113 50 1 80 12 31 114 36 55 47 118 76 43 110 69 83 108 0 117 71 13 97 91 103 89 101 39 111 41 107 27 6 57 0 122 4 7 37 35 45 34 88 121 78 67 28 120 32 98 25 15 70 0 56 119 22 77 2 59 72 92 60 68 16 30 0 106 10 9 11 44 58 84 102 66 38 82 93 29 99 40 115 90 
0 109 80 102 57 18 54 47 77 1 45 42 36 87 34 31 10 71 79 120 46 59 81 119 19 68 64 86 11 98 58 66 96 48 8 90 4 63 88 82 115 51 0 41 100 116 85 40 110 15 83 95 75 26 93 92 16 38 55 112 74 24 43 33 32 78 0 121 44 114 118 29 84 14 60 97 105 23 61 56 122 106 0 13 20 0 2 37 52 7 22 62 27 12 30 21 94 99 69 104 108 73 3 67 117 49 91 39 25 28 6 76 35 111 50 70 53 72 17 5 89 103 9 101 113 65 107 
0 43 92 72 4 114 119 74 64 65 7 78 67 93 77 0 94 19 110 115 88 120 50 81 89 60 68 32 10 0 16 122 109 9 12 56 47 42 70 71 49 83 90 2 37 117 55 18 107 33 76 27 25 46 39 102 13 113 34 84 17 53 15 28 0 54 79 21 112 1 41 101 6 75 111 30 91 20 51 26 66 57 99 97 45 121 31 108 116 96 44 80 62 69 23 40 35 98 36 3 8 5 106 118 103 63 73 14 85 0 86 61 87 104 58 100 105 82 52 48 59 22 11 95 38 29 24 
0 66 116 40 73 34 109 102 99 105 0 111 17 70 36 108 12 78 88 52 64 39 1 75 53 96 86 37 47 25 51 104 114 6 58 31 22 54 18 91 33 0 29 59 67 10 16 80 2 5 81 3 63 65 87 32 28 26 42 74 48 85 90 79 14 92 21 82 89 62 110 69 97 19 118 103 117 113 100 43 106 122 24 107 76 93 56 55 45 72 98 30 11 38 120 0 0 112 49 41 44 121 57 77 46 27 83 95 61 68 7 35 119 4 101 115 84 94 71 60 13 9 23 8 50 15 20 
0 48 24 117 12 110 62 63 14 106 29 34 35 65 107 44 54 20 101 76 116 70 119 87 27 115 28 120 64 31 66 15 95 56 1 46 114 50 25 122 60 74 100 83 32 47 17 92 40 68 39 96 42 118 9 43 36 90 26 30 11 21 10 59 71 102 0 5 33 113 61 22 79 67 37 19 6 86 23 112 53 77 72 103 109 73 16 52 55 13 84 97 93 58 121 104 7 111 108 51 94 105 0 0 69 98 2 75 41 0 57 80 89 3 85 99 45 38 8 82 49 91 81 4 78 88 18 
0 45 60 111 24 93 64 78 57 118 27 119 3 116 38 52 35 11 105 108 44 77 94 26 63 41 67 37 5 49 75 55 82 102 18 54 6 31 61 9 51 32 69 79 23 25 92 113 14 96 21 109 103 99 34 88 84 8 70 89 115 122 120 72 53 87 46 62 30 117 90 19 43 28 101 48 15 100 20 56 107 106 47 4 65 66 17 121 91 98 29 83 16 50 59 33 80 76 40 71 36 95 112 0 85 1 12 58 13 0 39 74 114 2 7 97 104 81 10 0 110 68 42 0 22 86 73 
0 81 110 75 35 39 0 70 12 101 59 47 106 41 0 8 58 15 13 40 5 71 122 24 6 72 64 16 116 118 82 98 107 2 18 73 21 119 96 28 109 31 54 94 50 17 78 19 49 3 91 66 87 80 62 0 63 121 11 42 67 65 85 32 120 60 100 84 27 20 103 9 104 93 114 38 57 69 86 22 7 68 77 108 4 37 45 61 95 29 56 115 92 46 36 79 52 33 111 76 102 53 88 0 43 74 44 51 1 14 25 99 105 97 112 113 48 89 55 10 30 117 83 34 26 90 23 
0 103 99 21 65 117 89 8 82 34 51 18 16 113 91 73 41 39 48 102 25 0 35 72 68 32 0 53 93 119 107 13 24 33 78 58 62 110 9 61 98 88 69 108 101 47 114 20 28 116 29 83 94 40 71 120 0 59 60 104 19 1 87 118 14 26 97 77 10 75 109 23 52 44 12 66 95 63 74 76 54 105 30 7 111 37 49 0 15 85 70 50 64 106 6 100 121 38 55 27 79 86 36 96 22 4 57 84 3 43 5 11 112 115 92 56 67 46 122 31 45 2 17 42 90 81 80 
0 11 41 117 8 66 116 9 54 78 87 96 76 71 2 0 15 45 119 37 7 59 72 121 63 44 95 0 60 16 0 82 73 46 27 1 97 53 104 67 30 84 105 102 51 68 4 88 48 57 103 10 91 31 17 52 18 99 13 40 23 62 94 26 24 55 61 39 56 64 20 109 6 49 74 90 101 34 107 120 5 0 21 89 42 22 98 28 14 3 85 69 111 122 83 115 36 93 75 47 35 81 100 19 92 108 80 38 113 32 50 106 112 77 65 25 33 114 86 110 43 118 70 58 79 12 29 
0 112 102 56 85 70 74 4 60 30 20 91 98 52 55 3 66 0 115 101 90 46 83 97 11 59 43 105 0 77 33 122 14 47 39 8 67 15 38 41 53 71 31 96 12 116 34 68 6 100 87 107 119 69 79 92 61 111 108 84 113 58 93 75 44 106 27 95 64 103 118 63 51 86 78 114 25 10 0 82 0 35 54 76 21 9 94 19 40 7 28 37 48 1 2 72 36 16 17 32 117 26 109 5 24 73 120 81 49 22 99 104 57 65 42 45 121 13 80 29 18 88 23 50 62 89 110 
0 88 102 60 79 111 52 77 99 44 51 43 97 9 35 23 121 69 1 74 57 116 72 73 19 89 47 70 106 98 36 115 20 110 91 38 16 11 13 46 15 0 95 34 81 87 24 76 62 53 85 105 75 68 61 25 33 17 58 10 78 117 45 101 122 18 5 41 26 6 93 67 31 50 56 4 94 71 48 63 119 112 3 21 104 100 0 65 22 120 83 32 54 42 59 2 113 103 80 114 96 40 7 90 82 27 49 8 92 64 39 108 118 28 66 55 109 30 84 12 0 86 0 107 14 37 29 
0 0 19 4 57 54 41 21 91 0 112 89 30 74 87 18 56 86 113 83 69 14 59 85 92 61 97 12 62 33 20 73 118 63 8 99 55 100 22 44 26 105 109 102 36 82 93 67 94 111 104 31 66 10 71 101 72 107 88 38 34 65 16 49 27 70 0 119 15 50 80 64 78 45 53 17 114 32 9 79 68 76 35 5 42 117 77 24 3 7 6 106 95 43 29 84 39 23 90 40 116 98 0 120 13 1 81 48 121 75 28 37 2 47 51 110 11 103 108 60 52 115 25 122 58 46 96 
0 35 37 86 53 39 67 52 31 57 117 6 118 26 110 7 63 78 49 41 66 65 115 107 96 5 2 81 90 120 94 0 0 19 54 97 105 47 55 4 109 38 121 3 40 71 18 13 91 44 70 62 20 15 119 84 108 8 98 61 116 68 34 23 103 89 25 10 0 75 42 48 113 114 33 73 9 102 87 59 88 64 83 85 14 106 112 22 46 74 56 122 0 58 69 111 99 27 30 72 16 100 45 43 12 21 28 93 24 36 80 76 29 50 79 95 104 51 92 17 32 82 101 1 60 77 11 
0 42 17 116 115 81 44 98 48 52 96 11 3 23 64 24 21 95 67 7 63 76 104 93 34 83 9 65 114 111 78 88 15 99 51 26 106 102 58 49 113 79 108 85 122 90 25 119 118 112 97 92 37 36 45 57 100 56 60 105 86 73 117 91 28 0 89 61 32 74 0 75 27 10 55 14 2 16 38 62 80 109 50 39 40 41 82 5 59 87 110 107 6 77 46 120 33 13 18 94 0 43 47 30 35 70 19 4 103 12 71 20 121 8 69 0 66 29 1 31 101 22 54 72 53 84 68 
0 76 16 0 5 13 38 95 44 81 17 114 72 25 104 14 64 85 24 6 46 94 118 120 106 70 12 82 96 89 31 2 122 77 23 0 102 52 50 108 34 83 7 97 73 90 100 107 78 43 62 105 103 48 8 68 59 1 69 26 117 19 109 65 63 71 49 98 22 11 10 115 29 51 55 4 53 79 33 21 20 32 41 66 30 67 113 112 42 15 9 57 36 37 54 80 88 101 116 0 74 121 110 27 35 99 28 47 92 111 45 75 87 86 56 58 91 3 18 61 39 40 119 84 60 93 0 
0 103 51 78 42 89 111 97 40 109 52 9 27 65 57 35 18 112 88 113 102 92 121 8 23 98 91 110 77 44 68 94 72 49 1 10 0 96 31 114 34 24 90 29 85 30 37 32 95 76 36 19 48 62 6 101 22 120 63 69 21 39 115 86 84 83 43 15 47 59 11 26 45 20 55 7 100 38 67 0 71 58 117 13 108 81 56 33 87 93 17 2 25 41 116 61 53 5 75 46 28 64 12 107 118 119 74 16 14 50 66 80 104 4 99 105 60 106 122 54 3 73 0 79 82 70 0 
0 23 22 84 69 42 119 121 48 83 54 0 25 49 0 62 105 72 6 97 122 32 52 38 7 24 16 106 34 74 31 92 78 94 41 35 68 0 47 115 110 3 60 109 59 98 19 40 111 102 2 114 30 96 61 5 13 64 70 39 117 79 95 90 66 67 113 14 65 99 58 55 15 75 11 53 21 26 46 36 44 56 27 112 33 71 17 12 103 4 1 89 10 108 51 80 85 9 93 82 77 107 43 63 104 73 88 0 100 76 37 118 86 29 91 45 8 87 81 120 50 116 20 28 57 18 101 
0 50 55 120 79 72 19 92 36 100 23 41 2 11 116 77 109 35 5 12 101 105 68 10 46 33 31 58 22 59 8 60 96 45 20 37 25 91 84 93 66 21 118 86 73 34 81 17 44 0 14 3 0 87 85 54 42 40 88 108 65 102 74 64 75 80 53 43 78 28 6 9 76 15 32 7 0 121 63 47 94 56 113 29 110 107 26 71 95 103 24 48 90 61 89 38 1 83 62 0 51 4 111 97 82 52 57 27 98 99 13 67 112 16 69 119 114 115 117 18 70 122 104 106 49 30 39 
0 23 70 65 85 1 13 53 61 88 76 98 105 100 77 40 78 16 73 49 68 51 14 58 82 67 83 0 120 42 81 18 119 38 21 118 111 4 121 92 44 28 99 113 64 57 19 45 93 79 56 47 69 32 104 60 30 3 27 95 9 87 20 10 115 114 89 24 94 31 34 12 17 80 112 54 84 102 0 26 91 25 33 52 6 97 22 29 107 72 75 116 55 41 63 7 36 62 66 86 8 35 39 50 15 2 108 43 101 96 48 90 37 122 74 106 0 109 103 59 71 110 5 11 117 46 0 
0 50 75 72 94 81 106 49 83 8 101 54 73 122 12 39 2 69 109 25 22 92 60 85 16 5 70 91 29 4 13 59 0 14 35 21 107 34 65 0 63 28 3 117 26 32 71 108 113 31 103 1 96 15 0 18 67 56 41 27 51 11 24 76 37 36 44 9 43 30 87 79 116 58 86 89 45 64 68 38 7 78 115 74 114 84 105 100 118 121 20 104 80 42 97 57 61 52 53 102 48 119 93 33 88 40 0 112 95 82 46 10 6 98 55 17 120 23 110 99 19 66 62 47 90 111 77 
0 110 91 112 51 71 17 82 83 65 0 75 12 2 113 11 9 80 62 53 33 69 55 44 66 61 97 84 103 68 26 109 120 67 116 40 6 50 122 54 73 102 47 77 58 13 10 72 32 90 46 35 25 0 95 7 21 4 23 99 107 86 28 24 100 30 79 89 92 85 74 29 119 105 22 63 104 20 81 18 31 60 1 41 117 49 101 8 64 19 108 118 70 38 59 52 15 43 98 3 34 94 78 14 76 93 0 27 37 114 5 0 48 87 16 36 96 88 121 42 115 57 111 45 56 106 39 
0 118 48 0 88 67 95 61 106 89 0 103 77 111 76 23 11 26 53 20 35 82 101 120 75 9 12 40 108 64 15 79 29 92 68 46 90 33 7 87 45 93 72 25 60 27 0 91 99 28 69 84 24 30 102 32 104 86 2 117 55 119 47 107 38 10 49 116 66 74 37 17 41 105 63 65 31 121 4 8 113 16 52 73 71 115 3 112 114 54 21 97 0 44 42 1 5 98 94 22 13 6 85 34 19 81 36 43 14 50 62 110 59 18 78 70 80 51 57 56 100 96 39 58 83 122 109 
0 0 25 27 52 7 53 45 60 49 88 78 103 9 94 62 119 48 80 43 31 110 101 18 44 106 86 122 102 55 64 73 66 21 29 35 11 28 93 75 56 58 79 5 8 65 34 15 0 117 72 3 42 4 68 41 14 91 13 85 100 98 54 67 63 69 90 50 114 17 96 83 99 1 104 74 46 12 82 109 87 92 76 111 51 112 33 113 40 105 107 26 20 108 39 2 32 37 77 116 71 70 57 84 38 6 118 24 47 121 120 97 36 81 22 10 95 115 59 0 19 30 16 61 89 23 0 
0 122 119 107 52 70 1 29 106 36 99 46 59 110 87 72 0 15 35 2 27 61 86 103 88 114 112 0 51 75 9 63 85 41 3 109 118 104 56 68 14 100 89 82 121 43 7 120 57 80 55 73 33 39 17 20 69 71 10 91 116 66 117 54 81 50 18 90 28 53 22 74 78 37 105 97 16 84 94 67 40 95 31 13 30 113 11 102 79 98 58 49 60 25 47 19 48 101 96 0 92 45 23 26 12 76 44 64 83 77 0 108 111 62 38 93 115 32 34 4 5 6 21 42 8 24 65 
0 60 97 20 55 1 109 6 70 79 99 32 87 36 38 65 39 58 77 106 35 21 81 5 75 31 48 92 25 90 8 95 121 73 24 42 89 83 56 14 71 116 102 107 10 0 37 76 57 3 47 40 119 64 74 59 9 27 16 17 0 82 43 46 23 120 117 110 44 29 115 11 93 7 52 62 15 53 13 84 22 101 103 96 91 111 34 86 68 2 72 33 0 41 49 61 63 26 30 104 88 114 85 94 19 78 108 67 98 80 45 51 118 0 112 4 50 113 12 69 105 66 18 100 122 28 54 
0 30 17 110 60 102 77 115 25 81 95 116 58 82 22 119 117 70 44 96 52 18 94 20 1 88 76 0 80 100 68 84 121 10 4 113 93 41 9 42 114 0 75 0 56 105 16 21 106 3 83 78 49 118 23 0 33 8 112 109 91 15 27 6 64 87 61 62 63 38 37 65 51 54 12 36 32 26 79 55 28 40 107 72 14 7 11 59 34 66 39 53 74 71 85 45 111 69 50 122 86 99 5 90 48 46 120 24 73 108 47 35 29 13 89 101 31 98 92 104 19 2 97 67 57 43 103 
0 25 61 114 104 8 0 43 31 42 106 18 17 77 3 82 30 66 86 60 47 112 45 24 92 95 38 69 103 75 93 21 118 4 67 116 113 83 11 34 13 99 22 91 55 56 7 53 28 23 0 87 121 16 78 36 0 108 102 6 37 88 44 50 26 72 46 109 59 96 57 52 41 79 110 90 0 97 100 70 35 27 15 89 20 48 80 63 64 19 5 65 40 71 58 68 54 120 32 12 76 111 10 51 2 119 74 73 29 105 94 39 14 81 85 84 1 101 107 33 115 98 117 49 9 62 122 
0 11 82 73 111 65 23 113 77 17 5 119 99 96 117 15 18 109 67 2 43 90 94 49 103 9 69 114 48 3 50 42 89 116 97 102 72 44 100 0 78 91 95 80 121 46 40 61 0 34 62 52 92 104 14 106 4 0 115 110 7 70 39 25 33 85 60 54 10 16 55 20 29 87 88 41 68 101 59 26 53 63 108 118 36 56 31 93 28 0 84 30 6 74 32 57 45 35 37 120 58 12 83 64 112 66 21 122 86 98 76 24 47 79 51 71 19 38 8 13 27 81 105 1 107 75 22 
0 23 3 37 69 38 0 16 63 14 98 40 35 26 74 68 42 44 83 24 7 113 45 53 99 0 117 84 6 119 90 57 29 17 91 82 94 70 114 115 20 73 106 10 93 86 120 122 61 36 105 48 77 31 56 22 4 39 64 47 55 107 0 25 72 76 89 118 8 102 1 21 11 62 80 110 67 87 78 49 104 15 28 60 12 71 66 79 116 108 0 50 111 9 109 101 121 54 2 33 52 97 58 65 92 19 46 32 18 81 85 13 88 112 103 27 100 75 5 43 96 51 59 30 34 41 95 
0 23 88 85 73 42 13 29 65 104 113 34 56 35 87 64 83 79 97 82 27 0 75 94 38 118 89 93 68 36 119 10 121 22 108 71 84 106 77 74 48 112 99 0 107 95 14 51 2 15 20 19 109 102 12 26 16 114 90 59 53 30 58 117 101 1 5 6 105 61 78 7 111 21 41 67 8 0 11 40 98 47 44 62 32 92 52 76 25 49 72 37 24 50 55 4 17 116 91 63 3 57 81 43 122 69 39 33 110 9 86 0 103 54 31 18 115 100 28 70 96 66 80 120 45 46 60 
0 61 57 103 118 50 42 16 41 23 27 0 113 68 20 96 92 26 104 8 94 75 49 109 78 14 116 35 3 89 2 7 25 1 111 122 115 108 28 10 58 81 114 88 52 65 19 22 87 54 37 100 13 0 36 110 0 99 44 112 86 11 106 46 121 85 91 66 107 38 34 101 32 84 0 48 64 29 117 24 5 83 47 67 43 71 45 73 33 60 102 53 39 93 6 31 17 97 77 74 120 69 90 72 4 9 95 18 82 63 56 76 119 59 79 12 98 40 15 51 70 55 80 21 62 105 30 
0 69 23 9 42 93 70 32 0 44 67 62 71 105 104 61 88 16 54 112 115 111 60 116 65 13 72 46 117 56 58 96 0 98 15 20 86 22 79 114 29 36 75 103 28 35 113 81 39 85 4 14 119 33 84 80 73 10 68 118 107 74 90 12 37 2 59 24 82 121 91 95 26 57 102 27 94 31 18 0 87 101 6 99 34 40 122 97 5 83 17 50 11 92 110 47 1 41 106 63 100 25 0 43 19 89 21 120 55 78 53 8 108 7 48 52 64 51 30 38 66 45 3 49 76 77 109 
0 100 111 22 48 14 118 92 28 43 95 42 66 54 72 38 16 0 30 13 24 2 97 76 93 27 84 5 74 15 18 31 26 0 77 57 75 98 64 49 21 121 60 50 6 71 52 20 33 112 56 35 40 85 0 83 106 63 53 44 55 114 102 88 32 80 117 29 25 51 89 81 94 105 45 99 58 46 36 3 73 91 59 10 122 68 7 62 47 0 103 116 101 1 69 79 4 86 120 108 109 119 19 11 113 8 82 70 17 87 39 67 104 90 34 107 12 41 110 96 9 61 78 65 23 37 115 
0 65 103 98 4 90 41 107 89 86 77 78 23 97 54 81 110 47 9 102 87 40 19 69 101 113 67 13 30 92 96 72 22 2 20 55 91 111 122 52 117 106 59 48 15 64 25 46 94 68 93 82 71 105 61 120 29 95 32 85 16 35 0 38 37 62 10 12 39 21 70 36 76 43 50 119 28 84 27 24 109 58 104 45 1 57 0 7 83 3 8 114 18 112 80 79 115 0 121 74 73 51 26 56 5 108 75 66 116 100 53 60 42 63 118 17 14 49 34 11 44 31 99 0 33 88 6 
0 116 74 31 46 76 95 103 35 30 24 100 97 15 98 0 33 80 66 111 8 91 18 113 0 40 1 47 20 28 43 78 59 85 104 7 55 61 9 16 12 22 13 93 90 73 86 101 110 29 84 62 57 45 81 68 79 44 112 41 48 120 72 106 107 88 67 42 5 38 70 75 39 0 119 96 19 53 108 71 11 37 49 65 25 23 77 105 54 63 117 3 36 4 56 94 82 102 26 60 109 89 99 14 27 118 64 10 0 17 69 32 114 92 2 58 50 115 87 51 34 6 52 21 122 121 83 
0 27 95 54 71 106 117 103 73 2 51 18 120 22 77 11 109 19 26 33 38 98 59 75 65 0 87 4 50 28 122 83 13 9 57 56 14 100 30 67 69 74 45 63 52 25 1 94 62 0 37 3 20 101 53 43 108 44 24 5 70 16 78 81 89 97 47 85 102 12 48 111 88 121 36 40 41 86 49 96 0 118 7 114 58 55 6 119 113 80 91 116 0 60 8 17 107 110 104 29 72 79 84 32 42 66 92 10 34 31 90 82 35 76 21 68 112 99 64 61 46 115 23 39 105 93 15 
0 89 24 71 97 76 0 50 113 99 83 62 88 1 117 46 10 64 6 82 73 95 52 29 92 37 100 54 78 15 120 33 86 115 4 72 43 40 94 42 108 61 107 59 68 27 96 12 36 0 121 69 85 57 7 16 38 19 111 84 0 122 51 41 81 75 0 116 45 35 91 56 21 103 118 8 90 98 101 63 17 53 23 13 5 106 26 66 74 102 87 67 47 70 31 32 18 105 77 28 9 11 30 60 34 65 3 22 110 93 58 55 2 119 25 112 79 104 114 14 49 80 48 44 109 20 39 
0 78 101 43 53 80 83 112 3 0 108 24 107 41 64 31 79 56 54 28 122 119 45 2 20 34 115 57 22 66 86 91 109 96 9 10 50 103 27 89 15 0 74 37 0 19 44 12 77 111 4 7 113 97 6 0 18 40 17 93 98 104 1 117 73 69 33 68 49 116 63 105 102 70 121 11 87 118 60 81 67 23 13 29 62 58 84 65 100 47 85 14 48 75 106 88 35 76 36 21 95 90 32 114 55 39 92 42 16 25 71 99 5 110 61 72 59 26 94 30 46 38 120 82 8 52 51 
0 19 122 48 66 67 95 98 0 47 45 106 36 54 49 82 10 118 101 80 2 88 6 110 37 115 112 29 13 11 15 30 120 23 20 64 109 63 68 93 116 76 43 51 107 119 4 62 71 27 92 1 85 41 89 87 55 59 74 3 103 42 102 52 75 65 114 0 105 22 111 97 5 32 79 8 104 58 7 0 44 9 73 94 31 81 100 69 121 108 56 14 83 70 28 77 86 17 90 84 46 26 39 96 38 53 40 33 0 24 72 16 91 117 99 12 61 50 25 60 21 57 78 35 113 34 18 
0 85 47 94 95 106 69 20 88 17 16 86 70 105 9 61 118 3 33 35 32 122 108 114 97 90 92 0 15 24 11 58 0 117 74 119 7 120 39 23 25 79 4 31 98 63 49 42 8 64 62 87 67 100 37 82 99 12 43 54 60 30 0 48 34 102 36 78 71 72 13 57 101 28 81 103 0 2 18 110 66 121 21 65 38 56 40 76 55 116 111 46 45 112 107 77 5 41 50 84 14 27 44 104 89 29 19 113 52 68 91 10 51 80 73 6 26 1 93 115 83 75 96 59 53 22 109 
0 90 42 75 73 45 10 119 7 122 50 104 116 21 60 35 66 79 106 111 109 13 14 31 107 84 82 16 26 9 120 40 65 83 61 62 71 102 64 97 59 89 103 6 112 0 0 63 77 34 56 51 91 74 48 93 80 18 41 117 46 0 87 32 37 92 49 78 52 47 105 76 113 121 3 110 5 67 1 55 4 29 15 118 108 81 96 88 115 43 94 30 72 20 100 44 33 54 28 114 53 99 22 85 12 68 24 11 19 0 39 70 38 27 23 86 58 57 98 2 95 36 8 17 25 69 101 
0 85 43 58 86 45 121 120 0 7 108 94 109 22 113 71 9 62 107 76 93 83 66 111 32 42 57 49 12 17 27 74 81 69 75 36 118 4 52 104 63 51 47 10 61 68 46 15 24 38 18 97 54 105 98 72 26 21 73 0 0 14 39 37 64 65 82 89 67 78 5 8 0 28 60 95 19 117 53 6 100 79 115 25 16 29 23 70 112 1 50 80 48 77 30 20 90 55 35 2 96 99 11 91 92 101 44 84 34 59 56 114 87 3 40 41 31 119 33 13 106 102 88 110 122 116 103 
0 101 0 104 27 33 117 13 56 90 82 73 26 89 69 97 80 121 35 41 23 67 37 109 11 22 106 108 122 50 70 49 92 111 7 76 62 68 116 61 19 40 112 107 54 34 55 4 18 42 25 9 51 57 102 45 3 6 29 75 96 44 60 0 98 78 48 114 93 21 81 0 72 84 95 103 28 100 32 87 77 2 118 113 0 105 120 91 52 12 66 59 64 115 119 8 5 46 30 71 43 63 88 17 94 14 86 99 36 20 38 85 110 58 47 31 15 10 83 24 65 79 39 16 74 1 53 
0 9 68 37 113 20 62 118 114 44 11 84 19 28 31 41 33 1 94 66 15 104 35 24 82 115 51 3 38 85 34 52 122 73 32 81 69 106 58 70 96 112 93 119 16 99 18 109 67 17 97 102 59 2 121 40 57 80 39 6 63 12 100 77 26 72 117 4 25 108 88 0 83 21 60 50 107 23 43 14 103 48 75 36 92 56 86 7 49 54 79 29 46 95 8 0 91 76 0 78 90 5 27 42 30 105 10 87 13 53 45 61 64 55 71 0 98 89 120 111 110 65 101 74 47 116 22 
0 60 61 30 22 111 14 79 84 99 65 95 29 94 35 109 59 16 20 101 96 0 58 28 2 102 7 83 0 120 70 72 17 103 104 92 93 64 15 71 87 41 52 88 55 23 112 34 68 36 76 54 122 114 85 9 48 38 98 89 90 78 110 6 3 43 24 51 45 63 107 39 121 18 25 46 81 37 97 80 117 105 0 49 66 53 50 75 12 77 42 0 119 26 4 69 1 74 31 21 62 57 116 106 11 67 47 115 19 73 108 13 40 8 32 118 86 91 33 56 10 44 100 27 82 113 5 
0 13 58 18 75 65 26 24 104 31 0 61 19 72 105 57 95 73 77 116 119 103 86 22 76 113 96 32 84 60 90 23 109 16 33 91 66 39 83 10 41 55 92 5 30 112 70 101 0 46 62 82 117 36 7 106 64 0 51 85 37 40 94 87 29 11 74 27 0 121 35 102 115 45 111 9 54 38 1 71 114 122 100 6 56 67 34 15 78 53 68 80 50 25 14 88 63 4 93 2 12 21 98 99 59 107 8 118 44 89 69 108 42 20 110 43 47 48 79 52 97 120 81 49 3 17 28 
0 84 51 116 20 112 26 41 109 24 4 82 95 17 13 74 5 89 30 98 10 0 28 90 14 113 27 0 64 0 2 52 88 114 39 16 117 58 92 103 102 93 32 115 67 71 35 94 11 53 107 21 0 56 18 121 45 49 31 59 61 68 81 47 60 119 3 73 97 44 122 33 29 77 86 57 19 12 105 48 50 108 40 80 9 7 104 55 79 83 120 42 66 63 38 37 110 22 34 85 78 111 106 118 65 43 91 46 15 101 76 25 54 62 75 96 72 1 36 6 87 70 100 8 99 23 69 
0 39 16 78 26 18 122 107 0 88 92 10 84 52 8 116 33 85 90 64 0 57 61 96 120 100 103 76 27 49 86 38 53 1 94 111 71 32 30 44 11 83 82 47 121 104 35 59 77 95 51 101 36 13 72 15 91 81 66 29 69 119 14 50 63 65 6 2 3 12 54 115 75 62 0 20 40 67 89 43 48 34 9 118 46 102 105 28 55 93 58 45 7 56 4 17 114 5 109 22 25 117 108 0 112 74 70 41 87 21 42 73 37 99 113 98 80 79 19 60 106 31 23 24 68 110 97 
0 62 52 42 72 67 21 26 99 95 6 23 97 100 59 41 22 96 9 102 27 110 54 30 91 112 108 37 105 18 38 61 90 29 39 57 120 74 56 89 19 86 101 0 25 78 16 85 2 34 119 43 12 104 109 73 45 113 66 48 117 46 11 84 49 103 0 44 71 10 60 14 8 24 33 76 116 20 0 63 121 88 98 51 13 118 83 35 80 70 17 0 7 65 58 115 55 79 28 107 93 47 81 36 114 82 92 111 31 3 106 122 40 75 4 68 69 87 50 94 15 32 5 53 77 64 1 
0 102 45 50 31 95 15 48 43 0 61 62 46 24 107 105 104 94 56 103 37 42 77 29 26 32 116 120 49 2 122 25 0 89 67 101 59 16 85 47 36 30 57 99 121 9 78 91 69 8 60 11 113 7 90 54 88 97 76 38 34 12 17 66 19 112 82 106 75 74 35 13 117 5 0 40 3 80 21 87 71 44 18 64 28 33 20 70 52 22 14 72 114 111 0 73 119 81 86 51 83 100 63 41 55 27 79 93 118 10 53 92 39 115 23 68 110 108 96 58 1 84 65 4 98 109 6 
0 0 47 77 58 74 17 51 61 102 10 41 69 23 78 52 83 82 15 42 71 32 99 75 116 70 63 107 55 50 122 98 118 91 1 114 25 7 103 85 101 110 105 66 48 11 86 67 33 2 100 53 54 19 104 119 89 30 65 112 76 44 92 57 24 28 117 43 6 84 87 39 88 73 14 21 80 46 29 121 35 45 115 27 38 9 20 68 31 26 56 96 81 40 12 0 16 62 120 94 36 37 34 109 4 93 60 97 64 79 113 106 72 108 5 8 95 13 111 90 3 22 49 18 0 59 0 
0 0 64 74 117 56 20 18 101 98 76 53 108 49 24 109 81 66 45 67 99 94 19 102 68 14 54 79 9 92 48 22 80 89 97 43 47 31 3 7 41 23 13 85 4 84 72 29 113 27 16 15 36 59 32 55 103 11 100 69 52 121 17 33 40 105 119 42 86 104 106 26 5 118 6 0 50 10 110 71 34 38 2 116 77 73 25 1 112 95 70 93 35 28 58 21 96 39 120 12 30 122 65 114 37 88 91 63 0 61 111 75 90 78 87 51 57 8 44 62 115 82 107 83 46 0 60 
0 34 45 23 30 92 42 59 46 51 80 0 17 54 120 49 25 19 66 94 44 5 87 68 12 69 6 37 21 93 113 57 103 77 32 55 82 107 1 78 29 118 56 81 88 90 106 63 112 47 50 18 76 58 96 40 20 71 86 0 7 79 116 9 84 16 85 117 0 122 104 8 61 33 109 108 48 14 110 52 111 64 89 70 31 115 27 36 2 15 114 73 97 39 91 101 74 13 41 24 26 100 72 75 38 53 0 102 3 67 35 22 10 60 62 95 99 11 121 28 4 98 83 119 65 105 43 
0 86 101 112 110 55 122 43 37 109 4 107 30 93 98 58 76 35 48 89 100 87 22 12 104 91 53 74 36 96 15 9 61 79 56 113 49 38 3 116 67 16 41 34 17 85 64 28 0 44 88 66 114 80 5 115 0 8 84 97 71 108 119 39 32 51 90 2 11 92 29 111 65 106 45 117 6 78 70 63 26 21 7 33 20 59 105 27 57 40 13 69 82 118 25 42 50 31 77 18 103 75 19 94 52 0 47 83 99 62 1 14 60 0 121 54 95 120 23 81 72 102 68 46 24 10 73 
0 23 63 9 67 114 93 51 33 41 2 118 97 50 117 45 87 119 75 77 21 101 10 121 115 66 32 103 110 0 47 0 6 98 53 62 35 92 20 28 107 65 56 12 111 17 52 73 7 71 44 68 83 60 104 86 49 19 34 14 59 38 37 80 76 30 94 85 8 116 100 91 122 18 13 95 0 39 120 112 106 27 43 64 0 78 108 31 99 74 69 1 5 82 15 109 26 72 11 36 54 40 57 29 55 3 96 84 42 16 25 70 88 58 81 61 90 89 102 46 79 24 105 22 4 113 48 
0 48 81 102 65 88 10 51 46 113 60 118 58 7 36 44 100 120 61 99 40 9 109 97 25 57 0 50 29 91 112 31 47 35 1 38 86 26 122 49 93 63 53 21 72 18 22 11 13 76 14 16 80 56 119 39 55 89 101 41 8 4 95 19 3 12 74 15 83 34 0 116 52 77 43 108 6 27 107 0 32 64 114 94 28 87 103 84 42 30 24 79 96 62 45 105 92 23 71 70 121 67 2 115 20 69 110 0 106 5 111 117 66 85 82 17 37 90 73 75 59 104 54 98 68 33 78 
0 51 47 22 108 94 91 72 19 79 68 12 58 8 104 115 67 59 76 109 35 87 112 70 95 82 2 64 111 16 11 7 65 116 62 80 6 114 66 0 40 69 99 75 49 24 83 44 37 63 71 21 39 120 1 56 110 41 122 86 0 30 100 15 105 0 119 53 102 93 42 45 36 17 13 26 113 9 48 46 74 73 54 25 28 10 20 57 78 52 92 32 85 23 14 97 55 118 60 103 3 38 50 5 106 34 81 31 121 43 90 117 98 18 84 88 29 27 96 0 89 77 4 107 33 101 61 
0 87 0 57 118 72 73 36 68 22 122 39 114 54 65 60 34 4 80 25 112 40 110 106 113 81 59 18 67 86 41 53 74 62 104 120 15 82 119 49 43 117 35 17 7 2 44 8 94 70 78 91 37 38 79 23 16 31 52 12 76 6 121 92 116 85 42 111 63 99 26 11 10 32 0 71 33 30 21 69 19 100 77 46 75 97 108 29 47 96 13 101 28 103 66 24 115 0 9 102 50 58 107 48 93 55 88 27 0 14 95 56 89 84 51 5 3 105 98 64 61 20 1 83 45 90 109 
0 107 23 64 94 108 0 111 50 77 8 112 3 82 11 55 102 7 34 101 56 120 48 36 45 117 89 95 29 98 16 52 105 61 57 66 96 1 58 103 15 28 9 14 81 25 84 78 97 0 119 93 91 21 10 76 2 69 32 79 22 49 115 62 26 35 38 88 87 60 86 6 47 53 74 4 5 37 51 18 70 17 43 104 0 122 41 83 30 65 59 68 20 46 72 75 0 42 54 67 39 73 13 31 121 114 85 19 71 99 80 90 100 27 106 12 40 113 33 44 116 63 24 118 110 92 109 
0 84 95 39 111 74 21 23 16 14 52 115 104 87 38 18 102 27 121 40 44 80 19 28 82 41 62 3 100 20 29 92 6 71 10 122 99 7 113 106 54 119 60 25 4 33 112 79 89 59 88 1 46 68 0 65 11 56 103 94 101 114 105 109 24 83 78 70 50 110 118 0 76 61 37 57 72 120 85 73 22 49 55 26 98 0 77 69 48 97 107 8 117 96 53 86 63 15 64 36 93 34 2 5 75 51 66 108 35 31 45 32 17 43 116 90 30 47 67 12 13 0 81 42 9 58 91 
0 117 51 65 80 59 61 4 2 96 32 39 113 97 14 69 56 42 103 24 67 108 26 79 71 10 11 58 27 0 35 8 43 83 41 18 52 50 20 120 21 37 95 57 38 53 9 116 87 29 114 36 111 17 12 45 68 49 112 86 81 55 100 13 89 109 84 78 62 75 48 31 88 76 44 46 72 104 33 64 98 5 63 60 66 106 0 19 90 0 74 54 107 30 102 1 28 22 118 15 40 99 101 91 85 7 47 82 16 92 94 115 110 25 73 3 6 121 0 122 93 34 119 77 70 105 23 
0 35 0 29 0 6 49 33 15 52 39 32 58 24 14 77 21 120 104 55 107 72 95 103 28 68 31 1 48 47 83 51 96 100 38 50 87 79 121 78 91 85 8 56 40 69 109 10 74 111 42 93 9 0 20 65 61 26 84 90 119 37 92 105 62 113 7 34 117 64 81 89 57 45 101 36 99 2 18 12 106 11 97 60 80 3 13 75 86 16 116 94 63 71 102 30 17 23 41 4 88 43 53 59 110 54 112 73 5 115 108 27 76 25 98 82 114 22 122 66 67 0 70 44 46 19 118 
0 68 108 121 104 103 109 39 117 69 67 114 80 49 21 52 106 92 55 45 99 87 76 51 5 97 2 32 95 31 36 112 11 13 62 113 8 57 33 53 50 12 79 58 101 43 81 78 10 56 94 15 28 40 34 86 0 98 48 115 60 91 59 75 107 66 20 29 22 26 88 19 65 17 42 1 73 83 122 25 9 71 84 63 24 96 102 85 72 120 90 119 77 4 100 47 3 38 93 0 37 111 0 64 44 70 27 89 46 74 35 6 82 105 0 18 61 54 14 110 116 118 41 30 7 23 16 
0 84 104 32 24 82 43 101 122 121 15 30 75 8 100 88 71 108 44 89 94 52 69 60 9 64 72 37 78 0 14 98 23 19 99 63 73 7 34 53 77 97 90 118 76 68 4 55 59 119 45 54 5 41 85 66 57 0 42 81 11 12 107 67 103 40 58 47 13 18 51 62 33 110 91 102 6 105 93 113 2 22 79 29 46 86 106 26 16 39 115 38 120 70 10 0 49 112 117 50 48 36 25 95 65 21 83 114 74 61 87 0 27 92 20 31 116 96 35 1 3 80 109 28 56 111 17 
0 20 44 117 108 60 53 0 43 99 16 12 77 27 33 54 17 0 115 116 85 63 22 64 2 0 73 72 70 81 118 66 103 39 25 3 49 51 121 106 67 65 41 36 75 35 111 38 62 87 69 112 24 11 18 57 45 14 76 37 78 15 86 48 23 59 113 92 97 46 100 122 89 105 55 32 107 110 101 109 0 29 31 6 7 21 58 19 4 68 1 94 91 83 40 9 5 26 80 71 120 56 28 74 104 95 34 10 8 30 88 82 96 93 84 102 42 52 114 79 61 119 13 90 98 50 47 
0 65 121 91 48 107 82 108 109 54 84 0 42 25 50 119 68 96 33 102 36 61 37 113 110 52 122 118 15 21 30 81 75 69 12 18 10 46 117 8 55 97 17 20 92 105 77 60 45 87 27 49 104 22 47 14 73 34 63 67 120 76 106 43 86 112 4 100 93 114 64 28 41 9 0 0 80 111 116 51 0 26 57 83 74 38 3 95 53 71 40 29 32 79 94 88 66 13 72 99 35 58 78 62 44 103 101 6 11 24 16 2 56 5 59 23 85 89 1 70 19 39 7 31 90 98 115 
0 79 4 42 34 0 81 20 87 43 113 94 36 109 23 119 13 106 89 90 73 44 72 118 95 66 35 61 30 38 101 11 28 26 70 17 76 9 7 99 63 60 40 103 112 1 49 64 6 78 3 0 16 116 115 39 122 65 0 80 83 110 31 21 51 32 107 102 27 92 88 68 22 5 41 67 18 52 77 111 0 25 19 96 56 62 85 55 15 37 58 97 120 82 75 46 10 104 74 121 59 45 91 86 69 93 2 84 50 57 33 71 100 54 53 48 117 8 114 108 47 29 24 105 14 98 12 
0 78 39 83 92 34 118 116 69 46 18 26 115 79 61 41 75 42 6 35 16 52 8 98 0 45 120 72 54 108 64 90 103 33 27 106 36 0 49 10 60 113 66 119 97 53 77 4 71 29 114 5 21 95 81 101 58 74 40 109 17 37 13 89 65 32 22 99 2 80 19 117 43 86 28 7 105 93 82 85 73 104 30 3 67 55 0 96 24 48 23 107 68 84 94 14 12 87 0 20 9 63 100 111 121 76 102 11 122 59 57 51 47 88 56 62 38 91 31 50 25 15 1 44 70 112 110 
0 80 0 93 121 79 87 66 102 10 24 32 96 65 40 19 69 64 23 55 6 42 12 109 77 118 56 75 74 16 58 51 26 115 62 21 113 110 3 67 101 0 2 17 112 61 11 13 71 34 35 7 20 60 52 76 18 85 54 22 14 44 25 47 4 105 81 31 83 73 88 91 114 59 107 36 8 99 70 43 41 53 92 95 104 68 106 30 97 9 108 29 45 50 48 15 82 72 1 5 0 120 116 117 103 122 28 84 57 94 33 0 86 37 63 111 89 46 98 90 39 27 38 49 119 78 100 
0 66 85 22 15 78 56 12 103 37 10 75 25 2 24 33 39 55 31 3 35 69 44 92 94 28 84 87 47 104 0 41 116 0 121 118 105 23 101 111 82 51 120 14 67 65 122 26 73 40 79 30 0 64 54 34 36 70 43 113 21 74 77 80 98 114 97 13 4 89 20 9 107 112 115 106 119 58 110 100 50 76 29 91 90 18 6 109 68 38 49 102 0 7 88 27 32 96 8 16 45 1 53 63 42 17 83 46 117 72 5 11 93 52 108 57 95 86 62 81 60 71 61 48 19 59 99 
0 48 29 5 111 0 88 49 51 66 22 79 53 13 52 42 83 43 102 116 82 64 69 3 35 39 33 100 4 57 16 56 32 1 119 28 105 38 37 58 78 63 45 15 80 62 120 14 87 24 55 67 7 115 54 109 74 21 11 46 99 122 2 108 18 0 90 12 0 94 98 71 41 77 118 17 86 85 65 92 6 8 44 19 89 61 107 97 91 76 68 103 0 59 50 93 84 20 26 47 75 113 30 34 96 9 10 101 81 40 31 114 121 117 23 95 112 27 25 72 36 106 104 60 73 70 110 
0 104 6 102 75 32 9 10 17 3 120 106 34 65 41 89 20 31 11 35 119 21 25 73 47 42 2 80 78 18 69 77 0 1 37 91 68 90 38 0 111 24 51 5 67 0 15 26 101 40 109 43 112 33 28 46 92 117 4 59 71 57 12 100 74 107 114 44 72 95 64 27 23 36 96 60 54 108 63 93 0 30 87 48 62 118 94 99 7 81 16 22 53 61 70 98 113 76 86 121 79 58 49 29 105 39 19 116 56 50 45 110 85 13 115 66 88 122 55 103 14 52 8 97 82 83 84 
0 116 40 118 122 30 64 106 47 14 33 8 121 61 11 72 0 41 93 46 56 74 20 101 7 1 3 115 91 111 100 0 71 82 90 120 76 37 12 109 26 45 78 114 50 69 102 107 95 70 63 10 58 52 5 83 68 73 66 99 49 21 97 92 84 4 51 44 98 119 62 60 89 19 23 103 0 38 24 22 79 53 104 29 96 9 34 75 42 77 59 117 80 13 18 67 43 105 6 88 112 2 31 110 36 17 32 39 86 108 54 81 55 35 15 16 27 65 25 87 94 0 57 48 113 28 85 
