0 15 17 5 14 6 2 3 11 10 8 4 9 19 0 12 16 7 0 13 1 0 18 
0 1 0 2 14 8 5 17 3 16 11 7 9 13 15 18 0 12 19 10 6 0 4 
0 0 0 1 3 18 4 5 17 7 10 19 2 15 11 12 9 0 16 6 14 13 8 
0 0 18 19 2 16 8 3 5 7 12 11 15 14 1 4 9 17 6 0 13 0 10 
0 0 18 2 14 12 19 3 11 15 4 9 10 6 8 1 0 16 7 5 17 0 13 
0 12 17 7 14 16 0 19 4 11 10 2 0 1 5 15 9 13 3 18 6 8 0 
0 14 13 2 19 1 7 0 4 16 8 12 0 15 11 0 18 9 5 17 6 3 10 
0 15 8 17 5 12 2 6 0 11 3 14 13 18 1 16 0 10 7 0 19 4 9 
0 9 14 2 19 6 8 10 12 0 4 3 5 18 7 0 15 16 11 13 0 1 17 
0 19 4 6 13 11 12 0 17 16 18 9 14 3 8 10 0 15 7 2 1 0 5 
0 18 14 8 2 11 9 0 12 0 19 3 15 5 7 17 6 1 16 10 13 4 0 
0 11 15 6 8 7 5 10 14 3 17 0 0 1 0 2 19 9 18 16 12 13 4 
0 13 5 0 14 15 11 17 19 12 7 1 6 2 9 18 3 16 0 8 0 10 4 
0 13 4 0 0 16 6 18 1 7 11 14 19 2 17 0 10 5 15 12 9 3 8 
0 1 13 6 0 9 5 18 10 16 12 4 0 11 15 17 19 3 0 14 8 7 2 
0 18 9 17 0 14 15 0 4 3 0 19 8 6 10 12 5 13 16 1 2 11 7 
0 14 8 17 10 1 15 7 0 2 0 6 11 13 0 5 4 19 3 9 12 16 18 
0 3 12 0 16 15 1 7 8 9 0 19 17 4 5 10 14 13 18 0 6 11 2 
0 4 16 7 0 11 9 5 17 14 2 0 19 0 12 8 6 15 13 10 18 1 3 
0 19 11 0 13 16 8 15 2 4 0 14 18 6 1 12 9 3 7 5 10 17 0 
0 16 2 13 10 0 11 12 4 5 3 6 7 1 8 17 18 19 9 0 14 0 15 
0 13 6 16 12 18 11 1 0 0 8 0 4 2 14 3 15 10 7 17 9 19 5 
0 18 7 15 2 3 13 17 1 4 0 0 0 5 11 12 10 9 6 14 8 19 16 
0 5 1 17 11 4 8 13 3 7 19 9 16 0 14 2 10 0 15 6 12 0 18 
0 3 4 8 7 14 18 16 10 11 5 2 15 0 0 0 1 19 9 6 17 13 12 
0 0 13 12 14 16 3 0 19 1 18 9 17 7 2 4 8 10 5 15 0 11 6 
0 16 6 18 7 8 0 2 9 14 12 3 13 5 4 10 0 11 0 19 1 15 17 
0 9 6 0 11 3 19 15 8 1 2 5 0 17 7 10 18 13 0 4 14 16 12 
0 16 11 17 0 7 4 5 3 15 18 8 2 0 1 6 9 13 12 14 10 19 0 
0 0 5 17 14 2 3 15 6 18 8 4 16 0 19 12 10 11 0 9 1 7 13 
0 7 17 0 3 16 9 0 1 6 5 0 4 8 2 12 15 10 18 11 19 14 13 
0 15 6 0 7 19 13 4 2 10 18 8 3 5 17 0 11 16 14 9 12 0 1 
0 16 13 0 0 4 6 10 8 11 14 5 7 2 17 19 9 0 18 1 15 3 12 
0 1 18 13 16 7 10 8 0 4 6 14 0 9 19 11 5 3 2 17 15 12 0 
0 17 15 18 19 10 0 11 14 3 2 12 5 4 16 7 0 6 0 13 1 8 9 
0 9 0 0 14 6 3 10 0 8 1 11 17 16 2 4 7 13 18 12 15 19 5 
0 3 18 4 19 11 13 14 0 17 5 6 8 10 15 0 9 0 12 16 2 7 1 
0 2 0 1 0 15 12 11 3 0 18 19 4 7 10 9 16 5 14 17 8 6 13 
0 2 8 12 17 6 18 13 9 0 3 14 4 5 0 10 7 15 11 16 19 0 1 
0 2 7 19 6 0 4 8 16 11 18 12 13 9 14 1 17 0 10 15 3 5 0 
0 19 8 17 3 2 18 12 1 10 4 14 0 16 0 5 11 6 13 0 15 7 9 
0 13 9 0 6 4 19 1 8 11 16 17 2 10 15 5 0 12 0 3 14 7 18 
0 19 2 0 13 10 5 6 18 16 0 7 14 0 8 15 9 3 1 11 4 12 17 
0 1 18 11 15 16 8 4 10 14 17 7 5 0 3 12 6 9 0 0 19 13 2 
0 13 18 8 0 3 7 2 6 17 1 11 0 14 10 0 12 19 9 15 5 4 16 
0 17 4 12 1 0 8 16 18 15 19 0 0 7 6 9 11 13 14 10 2 3 5 
0 13 10 19 14 4 5 16 18 1 2 7 0 0 12 6 17 8 9 15 3 11 0 
0 8 6 18 0 7 14 0 2 0 12 16 4 5 19 1 3 17 9 11 15 10 13 
0 2 10 8 6 15 12 5 0 1 7 9 16 11 4 14 13 0 18 19 17 3 0 
0 3 18 19 10 9 11 6 1 4 16 5 2 17 8 13 7 0 12 0 15 14 0 
0 10 15 16 6 11 3 7 17 9 13 5 4 1 0 8 18 12 0 0 2 14 19 
0 2 16 7 4 1 6 12 11 13 18 19 0 0 8 0 9 3 5 15 10 14 17 
0 9 2 15 19 0 4 16 13 11 6 12 8 0 0 5 7 18 14 17 3 1 10 
0 18 8 2 12 13 4 0 15 16 11 7 19 0 10 3 14 0 17 9 6 1 5 
0 9 0 8 6 10 7 11 13 19 16 2 1 12 15 0 17 4 5 18 3 0 14 
0 8 15 0 10 4 17 3 0 6 5 13 19 9 16 2 11 1 12 14 7 18 0 
0 3 6 1 12 5 18 14 17 19 0 16 2 7 8 0 9 11 10 0 15 4 13 
0 13 17 15 3 4 10 9 12 0 0 5 6 19 1 2 8 14 11 0 7 18 16 
0 12 2 15 13 6 19 0 18 3 0 1 10 11 9 7 4 0 16 17 5 14 8 
0 4 7 15 2 11 5 1 18 9 17 0 13 14 10 3 0 6 8 19 12 0 16 
0 18 7 14 6 8 10 13 1 9 2 17 19 12 3 15 5 0 4 0 11 16 0 
0 0 18 12 0 9 8 3 7 6 15 0 17 2 4 19 5 16 13 1 11 14 10 
0 17 0 18 8 14 7 16 19 2 0 6 1 10 11 3 13 15 0 9 4 5 12 
0 10 9 8 14 0 16 18 17 0 13 2 4 11 19 6 7 15 5 3 1 0 12 
0 2 8 15 12 6 19 0 1 0 18 11 4 5 14 0 9 7 10 16 17 3 13 
0 4 13 11 19 0 0 12 14 15 10 6 2 7 3 8 5 0 16 17 9 1 18 
0 2 8 1 10 11 4 17 9 0 0 19 18 12 6 15 13 14 16 7 5 3 0 
0 10 0 14 0 6 16 4 11 3 13 15 17 8 2 9 0 12 7 5 19 18 1 
0 14 0 8 18 0 15 17 0 16 7 11 5 12 6 13 9 3 10 4 19 1 2 
0 2 17 5 4 0 6 8 3 16 18 7 10 1 13 15 19 9 0 12 14 11 0 
0 5 15 3 0 13 7 17 0 10 12 0 1 19 16 8 14 18 9 6 4 11 2 
0 0 3 17 2 12 0 9 1 5 10 14 7 0 4 13 19 18 6 16 15 8 11 
0 18 12 6 19 17 10 2 0 15 5 9 11 7 0 13 8 16 3 1 4 14 0 
0 15 0 19 16 17 5 10 9 0 12 2 4 6 14 11 0 3 7 8 1 13 18 
0 0 0 11 16 6 15 12 5 9 0 14 1 10 2 8 13 18 4 3 19 7 17 
0 17 11 1 19 0 4 2 5 7 0 8 13 0 16 12 18 3 10 6 14 9 15 
0 2 8 1 7 0 18 15 0 4 0 13 10 11 5 16 14 17 12 3 6 19 9 
0 0 15 11 13 5 1 2 6 17 8 9 18 0 0 10 4 16 12 14 19 3 7 
0 11 1 10 12 9 2 8 6 13 19 17 0 16 7 4 0 15 0 3 18 5 14 
0 11 9 13 14 0 18 0 15 7 6 2 16 5 1 8 12 4 19 17 3 0 10 
0 16 1 15 0 3 10 0 5 6 11 17 2 7 13 9 18 12 8 0 14 19 4 
0 15 5 2 0 6 19 17 7 4 10 18 12 14 3 11 1 0 9 8 16 13 0 
0 3 19 2 16 10 0 11 14 12 18 9 7 4 8 17 13 0 15 1 6 0 5 
0 3 0 19 9 16 5 8 14 1 18 2 10 11 6 15 4 0 12 0 13 17 7 
0 14 2 8 6 1 4 16 12 15 0 0 5 11 10 9 19 7 18 13 0 3 17 
0 2 4 16 0 12 8 15 19 1 17 0 0 11 7 6 13 10 14 3 9 18 5 
0 15 3 4 16 0 1 7 0 5 6 13 9 14 11 8 17 10 19 0 2 18 12 
0 17 18 0 10 3 2 8 15 1 16 19 12 6 7 9 14 11 13 4 0 0 5 
0 10 15 0 18 7 8 16 0 1 12 4 13 11 17 5 19 2 14 0 9 6 3 
0 16 5 7 17 2 0 0 0 4 13 15 12 6 8 1 3 9 14 10 19 11 18 
0 0 0 15 11 7 2 3 9 14 10 13 6 1 16 8 18 0 12 19 17 5 4 
0 10 5 19 7 11 8 14 15 12 16 0 3 0 18 17 13 4 1 2 9 0 6 
0 9 2 19 13 15 4 1 17 8 12 0 0 16 14 5 10 11 18 6 7 0 3 
0 1 2 19 4 17 0 6 5 0 8 12 9 11 13 10 15 18 16 7 14 3 0 
0 11 16 3 7 0 4 14 2 6 12 8 0 19 18 1 15 5 9 13 10 17 0 
0 7 15 0 17 8 3 10 0 16 11 0 12 9 5 1 19 18 6 4 2 14 13 
0 11 2 0 8 17 12 0 15 14 13 9 18 1 0 19 6 16 7 10 5 3 4 
0 11 18 16 1 9 0 14 6 5 3 10 15 13 7 12 0 0 4 17 19 2 8 
0 10 17 0 18 4 3 11 7 19 2 16 8 15 13 6 0 9 14 12 1 5 0 
0 0 15 0 14 12 5 11 18 10 3 16 2 1 19 0 13 6 7 9 8 17 4 
