0 29 31 11 30 5 34 17 10 1 27 0 23 7 9 0 36 25 4 15 3 21 18 12 6 41 14 37 24 8 16 2 39 35 0 26 38 32 19 20 13 40 28 33 22 
0 29 0 21 25 37 11 3 38 8 19 12 4 31 10 6 27 16 2 14 7 28 39 5 17 40 41 24 20 18 22 0 9 32 30 34 23 33 26 15 0 36 35 13 1 
0 2 7 31 13 22 19 16 24 18 14 11 29 23 33 35 21 34 10 37 0 32 0 20 4 26 0 8 9 27 25 30 41 1 28 39 5 3 17 6 40 38 36 12 15 
0 4 29 16 34 0 0 3 20 30 12 26 10 21 38 31 11 9 19 25 41 8 0 18 35 22 37 23 32 6 24 36 5 40 1 15 2 28 14 33 39 7 17 13 27 
0 38 28 30 16 35 33 34 21 5 26 0 39 0 22 8 18 10 32 24 4 0 12 7 13 2 36 40 23 25 6 15 19 29 31 14 3 1 9 17 37 27 11 41 20 
0 10 12 13 16 0 1 20 21 31 0 29 4 27 26 41 15 39 19 17 11 40 35 30 33 6 0 5 38 2 24 3 8 36 34 32 23 25 7 18 14 28 22 9 37 
0 34 39 37 36 23 11 26 28 7 40 12 16 31 13 17 32 14 3 21 20 1 30 2 27 0 41 35 4 0 33 19 10 29 24 0 18 6 15 5 25 38 8 22 9 
0 40 18 38 35 41 0 0 32 12 27 5 6 8 16 29 22 39 9 0 4 25 23 34 33 28 30 13 15 11 20 24 10 26 1 2 3 37 14 7 21 31 17 36 19 
0 36 14 17 33 39 40 0 16 27 32 0 9 5 2 7 24 13 1 23 30 34 38 41 35 18 4 31 8 10 19 28 26 0 11 12 21 3 20 25 15 22 37 6 29 
0 0 36 8 14 13 15 16 29 38 30 31 28 1 3 9 19 26 6 24 22 11 2 18 25 7 39 34 32 27 17 0 23 4 20 40 35 0 10 37 12 41 5 21 33 
0 38 35 7 34 40 10 15 12 33 18 39 14 21 25 37 1 16 8 3 20 6 0 24 29 13 41 9 28 30 31 5 19 23 4 36 0 27 2 32 0 17 11 22 26 
0 2 35 0 34 26 22 9 16 27 8 1 29 19 7 38 21 25 13 17 39 3 32 40 36 30 6 12 41 28 31 23 10 20 0 14 37 0 11 24 33 5 4 15 18 
0 2 3 30 10 24 8 27 12 1 36 22 0 21 40 0 23 32 19 0 38 28 4 39 33 20 5 15 11 35 13 14 34 26 31 25 16 29 37 9 41 18 7 17 6 
0 8 15 27 37 3 33 12 24 30 32 31 39 6 9 2 5 22 36 21 0 1 34 40 0 26 38 41 7 25 4 0 28 14 16 23 11 29 17 20 18 13 35 10 19 
0 36 4 2 13 30 5 3 39 12 19 16 11 38 31 18 40 23 6 0 10 33 34 29 15 7 17 27 28 24 20 21 9 1 14 41 25 8 32 37 22 26 0 0 35 
0 39 3 25 11 4 0 8 33 19 13 7 24 35 20 21 28 40 17 29 6 16 31 15 34 38 0 36 22 14 32 37 9 30 23 1 5 12 18 26 10 0 27 2 41 
0 11 36 13 1 29 40 24 4 21 32 35 31 25 19 7 0 8 26 9 30 10 0 6 2 33 28 15 12 0 37 17 27 23 3 5 41 22 16 38 34 14 20 39 18 
0 21 26 16 34 14 32 27 0 41 20 33 0 1 19 2 35 6 24 28 22 3 31 7 4 8 40 36 12 15 23 37 39 25 9 38 30 17 10 29 11 0 5 13 18 
0 30 20 12 21 22 28 2 5 17 0 6 8 14 39 24 1 3 35 4 31 37 34 9 23 36 0 41 13 19 18 33 10 27 16 38 11 25 29 32 40 26 15 0 7 
0 13 10 19 12 38 34 21 28 41 33 8 15 23 22 11 24 26 16 32 7 3 14 0 40 36 29 5 0 27 39 31 18 2 1 20 30 6 9 0 17 25 37 4 35 
0 26 0 22 12 19 21 15 1 10 18 31 40 8 37 16 11 17 33 14 7 2 32 39 6 30 3 0 25 29 0 20 24 9 38 5 28 13 35 27 41 23 4 34 36 
0 16 12 33 1 27 37 35 41 2 19 23 40 0 26 36 15 29 7 38 8 14 28 10 0 0 22 32 13 30 5 31 11 9 24 4 25 3 20 39 21 17 6 18 34 
0 28 15 39 0 32 19 31 41 38 0 16 18 8 2 30 6 13 33 26 35 4 22 1 37 17 25 24 29 36 12 11 10 14 0 40 20 3 5 9 23 27 7 21 34 
0 29 7 21 27 38 13 3 28 31 30 23 0 2 25 10 12 14 33 4 34 19 8 36 9 5 1 6 39 18 11 41 15 0 20 26 35 24 22 40 16 17 37 32 0 
0 41 5 6 30 8 4 23 0 36 21 11 17 29 10 20 40 25 34 27 0 1 26 31 9 3 39 33 7 18 12 22 35 14 16 37 13 0 15 19 32 24 38 2 28 
0 8 16 22 23 41 3 4 28 30 24 32 13 11 25 7 26 12 2 14 1 40 0 9 6 0 18 29 38 31 0 17 5 10 15 20 39 27 34 19 36 37 35 21 33 
0 41 21 13 30 1 6 0 29 39 4 3 20 35 15 34 32 18 7 16 11 22 25 40 37 33 0 9 14 36 26 19 5 0 28 24 17 12 2 38 27 10 23 31 8 
0 13 19 20 15 10 40 33 41 30 5 8 11 0 27 17 25 3 7 2 16 39 34 9 29 26 0 35 22 18 24 32 21 31 37 23 38 14 36 4 28 0 6 1 12 
0 29 40 36 30 6 16 39 13 20 41 3 7 38 26 5 28 8 0 0 31 10 15 21 18 2 9 23 12 0 33 24 25 1 4 37 22 14 32 19 35 27 17 34 11 
0 29 4 33 1 37 12 26 9 3 21 27 0 13 8 10 28 7 36 30 11 17 2 5 39 15 23 19 35 34 25 40 6 22 16 41 24 38 0 14 32 18 20 31 0 
0 4 7 35 30 18 25 19 16 12 5 40 26 14 6 32 0 39 0 38 17 23 11 34 22 9 29 24 3 41 36 31 10 27 0 2 1 21 28 20 33 13 37 15 8 
0 39 8 36 18 38 10 30 19 15 32 28 27 23 0 33 25 14 0 34 29 3 13 31 20 5 35 21 12 0 41 11 17 1 37 22 7 16 40 26 9 6 2 24 4 
0 20 33 13 16 14 7 29 0 6 8 30 11 32 22 40 27 5 15 10 1 19 38 36 25 28 37 0 21 3 12 24 4 23 26 9 31 39 34 0 18 41 17 2 35 
0 40 21 41 8 33 32 0 5 6 3 17 27 31 23 24 11 0 39 16 4 2 15 28 13 26 12 37 29 22 20 14 34 36 30 7 25 9 38 35 1 19 0 18 10 
0 27 34 7 26 32 1 0 18 29 6 22 35 37 9 19 0 16 24 2 5 33 31 41 38 15 39 25 0 10 12 13 30 14 20 4 17 40 28 21 3 8 11 23 36 
0 27 20 2 26 36 29 10 12 17 23 25 11 7 21 0 8 6 3 39 34 14 37 1 35 5 9 38 19 4 18 33 15 28 13 0 32 24 31 30 41 40 22 0 16 
0 0 0 36 33 27 15 39 32 9 21 24 10 31 20 41 29 4 3 34 0 23 2 8 14 7 17 40 19 13 37 6 30 18 25 5 38 22 12 11 28 16 35 1 26 
0 2 8 1 25 31 15 4 26 0 10 38 35 24 14 0 17 22 0 3 41 20 19 32 5 12 37 16 7 28 34 13 23 6 40 39 33 29 21 36 9 11 27 18 30 
0 11 24 10 12 33 32 8 6 20 19 17 34 29 4 15 26 18 25 14 27 31 1 0 2 22 40 36 21 3 7 23 0 37 30 0 9 16 28 39 41 35 38 5 13 
0 18 16 10 36 34 1 32 23 3 29 31 17 28 12 26 13 39 8 37 22 4 21 5 40 11 27 35 38 9 15 0 25 24 7 0 41 2 30 14 0 20 33 6 19 
0 24 30 39 10 25 26 14 28 20 19 23 12 0 17 32 21 8 38 31 7 29 2 35 1 0 37 6 5 22 4 16 9 13 34 40 0 27 41 33 36 11 3 18 15 
0 11 36 14 27 0 18 39 21 7 33 23 31 1 8 6 41 9 20 29 25 37 40 13 0 26 34 17 19 2 16 32 35 28 10 12 3 30 4 22 0 5 38 24 15 
0 36 20 14 23 32 5 41 4 10 6 22 33 17 13 9 31 15 40 24 16 35 19 28 0 21 38 18 0 25 12 30 11 29 7 0 1 39 3 8 37 2 34 26 27 
0 25 13 0 15 41 11 29 35 4 0 30 31 1 34 12 21 2 7 8 38 18 10 36 27 14 9 6 23 28 37 20 33 32 19 26 0 40 16 5 3 24 39 17 22 
0 13 26 16 20 34 0 25 22 31 14 1 0 23 6 18 10 40 35 37 32 38 30 15 9 33 17 36 5 19 4 8 7 41 12 0 28 39 11 27 21 2 3 24 29 
0 15 5 9 30 4 23 28 25 40 37 17 31 2 18 8 1 12 35 38 36 10 26 22 27 6 20 7 41 21 39 11 24 33 32 16 19 0 29 14 0 13 34 0 3 
0 0 5 4 24 28 13 25 14 32 27 19 3 35 21 6 30 16 7 22 17 0 8 12 23 15 0 2 41 1 10 38 9 34 40 26 20 18 11 39 29 37 31 33 36 
0 18 34 3 30 13 29 31 16 27 37 2 24 9 15 7 0 26 28 12 19 17 35 41 1 0 33 0 11 39 36 10 23 25 32 5 8 40 6 14 4 38 20 22 21 
0 6 15 37 0 26 3 0 13 7 21 28 8 31 2 30 23 34 27 9 39 19 4 35 25 16 17 33 18 41 12 36 5 22 11 32 29 38 1 0 24 20 10 40 14 
0 15 25 0 17 29 6 16 31 12 36 37 10 13 34 35 8 7 21 27 20 38 18 28 26 30 3 32 23 24 0 39 2 22 1 14 5 4 0 19 9 11 40 41 33 
0 30 9 32 20 7 16 40 13 41 25 39 19 18 17 1 35 0 29 28 0 31 23 15 3 5 24 11 37 4 26 10 34 38 0 14 36 6 33 12 2 8 27 21 22 
0 24 38 2 1 10 33 18 15 12 19 0 7 29 34 5 32 9 27 31 0 26 0 4 36 20 6 11 40 8 14 39 37 22 41 25 30 35 23 21 13 17 3 16 28 
0 7 4 23 26 17 1 18 28 13 19 24 25 39 2 22 15 31 5 14 3 35 16 0 29 0 32 33 21 12 8 34 20 27 0 6 41 40 38 30 11 10 36 9 37 
0 17 36 39 21 30 23 34 41 20 15 5 0 9 6 16 35 32 7 1 26 29 40 0 2 37 31 13 19 11 10 28 27 38 0 4 14 18 3 25 12 8 22 24 33 
0 38 19 27 23 0 34 41 39 22 0 30 4 1 33 17 25 35 40 11 21 36 24 7 8 20 3 29 26 32 31 12 16 0 6 2 37 9 10 15 14 18 5 28 13 
0 13 25 4 23 17 19 12 38 7 2 18 15 29 30 32 26 14 16 0 10 28 35 24 8 41 36 1 11 39 34 3 9 5 27 22 31 6 0 0 40 20 37 21 33 
0 31 19 11 0 33 30 4 1 36 14 20 9 6 40 22 38 28 18 41 25 29 3 0 32 0 39 24 2 8 34 16 27 5 15 35 13 37 26 7 23 10 21 12 17 
0 5 36 38 21 10 34 14 24 17 18 7 4 32 3 25 31 28 8 39 0 1 22 40 26 37 33 19 12 2 27 30 15 9 11 0 13 23 41 6 20 35 0 16 29 
0 3 12 25 37 39 31 24 2 23 21 18 0 16 9 32 8 41 6 17 13 14 4 34 1 29 5 0 22 10 7 0 26 27 19 35 40 11 20 33 38 30 28 36 15 
0 16 37 10 17 26 21 4 14 5 33 24 7 22 12 30 28 11 15 8 35 39 2 18 1 36 9 20 0 27 6 31 40 23 19 25 0 32 41 13 0 3 38 34 29 
0 6 25 17 22 26 19 3 24 37 0 41 16 20 8 7 1 34 35 11 18 12 28 30 2 32 27 36 4 5 0 0 38 40 29 14 15 13 9 23 39 21 10 33 31 
0 0 28 19 5 10 38 3 9 4 14 17 12 0 15 1 33 24 34 31 2 29 20 25 26 0 39 6 41 18 27 13 23 16 11 30 36 22 32 37 21 40 8 35 7 
0 8 27 30 36 10 32 2 22 41 33 38 28 16 17 9 20 35 13 24 11 6 18 4 37 31 29 3 12 0 26 1 34 7 0 19 14 25 21 0 5 40 15 39 23 
0 4 36 0 24 32 11 13 14 10 1 31 38 26 6 17 25 20 0 33 7 30 0 40 27 18 5 3 37 35 29 19 16 34 8 15 12 23 2 39 21 22 41 28 9 
0 36 10 0 17 2 6 24 16 30 37 20 11 32 1 15 4 33 0 3 19 41 18 25 23 28 40 27 21 0 12 14 39 9 35 31 29 38 22 26 8 7 5 13 34 
0 37 6 32 10 20 13 7 26 0 11 39 31 29 18 15 3 25 1 5 14 38 36 21 8 35 28 2 19 12 17 34 23 40 30 0 33 4 22 41 24 16 9 27 0 
0 13 11 6 9 37 18 22 38 17 10 8 5 2 28 15 14 1 0 30 33 32 41 40 24 36 12 23 20 19 7 0 3 4 29 21 31 25 34 16 27 0 35 39 26 
0 27 34 20 9 30 32 7 28 0 37 25 22 3 2 1 5 8 16 38 33 14 13 17 11 6 26 19 10 36 0 40 23 24 12 0 39 4 35 41 31 21 18 15 29 
0 22 19 14 0 27 7 16 5 2 8 12 0 39 18 0 36 6 11 40 4 32 23 17 30 38 33 10 15 28 41 26 20 34 25 13 1 9 24 35 21 37 31 29 3 
0 4 6 27 33 2 25 26 16 37 18 21 24 29 15 1 22 30 31 32 5 35 9 14 19 23 12 0 17 0 39 7 28 38 10 11 13 20 34 36 41 3 8 0 40 
0 2 26 25 29 22 18 6 31 0 3 20 30 37 14 0 21 39 38 19 1 16 34 13 17 40 32 9 8 7 27 11 0 35 28 5 24 4 36 15 12 10 33 41 23 
0 8 30 10 27 2 11 0 29 9 39 5 17 15 35 3 31 36 0 1 26 18 38 14 24 25 20 21 23 12 33 6 4 40 0 32 37 16 41 22 34 13 28 19 7 
0 11 6 27 39 8 0 20 12 29 38 22 9 33 15 31 32 41 34 0 18 28 19 16 1 13 23 14 3 26 5 40 0 4 25 37 30 24 7 2 17 35 36 10 21 
0 4 29 13 19 2 0 22 31 33 1 10 14 24 9 15 36 0 7 30 28 26 8 17 27 21 0 6 25 11 12 32 16 18 35 34 39 20 38 37 5 41 23 3 40 
0 0 6 22 16 30 20 29 37 1 19 12 24 40 0 2 0 27 34 28 18 32 33 31 17 35 38 8 10 23 4 26 41 7 15 3 39 14 25 21 5 36 11 9 13 
