0 26 2 0 21 25 5 17 3 16 11 7 9 13 24 20 28 19 23 6 0 4 18 14 1 10 15 27 22 0 29 12 8 
0 2 19 11 29 5 0 27 17 10 1 28 23 7 9 0 20 25 0 4 15 3 21 18 12 6 22 14 13 26 24 8 16 
0 2 6 5 11 28 16 24 4 10 14 3 22 20 0 23 27 29 0 9 15 21 19 12 17 13 8 26 18 7 25 1 0 
0 13 29 17 0 16 4 7 21 26 0 23 0 5 19 2 3 10 9 6 8 25 15 11 22 20 24 18 1 28 14 12 27 
0 0 20 21 18 19 8 27 14 13 4 29 22 7 5 0 1 2 23 16 11 15 28 24 25 17 9 26 6 0 3 10 12 
0 4 27 0 16 0 26 3 20 28 12 25 0 10 21 7 29 11 9 19 23 22 8 18 14 17 15 6 24 2 5 13 1 
0 22 4 16 8 11 3 0 27 20 21 23 28 12 13 17 25 26 15 7 0 2 18 1 5 9 19 14 6 24 29 10 0 
0 5 2 9 8 18 12 28 29 24 15 3 19 21 25 14 7 6 23 26 27 20 11 1 16 17 10 13 22 0 4 0 0 
0 15 0 1 23 19 4 27 14 13 29 16 0 12 20 22 17 10 11 9 7 28 21 6 5 26 2 0 24 3 8 18 25 
0 12 23 0 24 14 16 7 0 1 22 17 2 9 10 0 15 6 25 21 8 18 29 28 19 20 4 11 27 5 26 13 3 
0 0 10 16 17 23 29 1 3 18 11 12 5 9 13 20 28 21 24 0 25 22 15 4 6 14 19 0 8 7 2 26 27 
0 16 18 0 1 14 28 2 12 21 5 6 8 17 19 10 23 7 0 9 4 26 29 22 3 25 27 13 0 15 11 20 24 
0 26 12 17 14 0 1 7 23 9 0 18 27 4 5 24 20 16 6 0 22 2 10 13 8 11 28 19 21 29 15 25 3 
0 2 19 0 7 29 0 8 15 25 20 6 14 23 13 26 18 9 28 0 11 17 4 5 22 16 12 10 27 21 1 3 24 
0 0 1 26 17 15 9 3 13 29 8 16 5 0 4 28 19 12 2 21 24 14 0 10 6 7 23 18 22 20 27 11 25 
0 13 29 28 11 22 4 8 25 3 20 10 7 15 24 27 17 0 18 5 23 12 2 26 19 14 21 1 16 0 0 9 6 
0 28 19 0 15 5 10 7 0 12 4 3 6 18 17 13 2 1 20 9 27 14 0 25 23 29 16 11 26 8 24 21 22 
0 15 4 18 27 0 0 10 8 23 1 21 3 22 28 24 11 12 25 16 2 26 7 14 9 5 0 6 13 19 17 20 29 
0 0 0 3 12 24 1 19 23 27 17 21 20 22 2 18 9 10 25 4 7 0 16 5 29 11 6 26 14 13 8 28 15 
0 12 0 22 29 0 4 2 1 11 28 27 24 17 3 16 14 13 15 19 23 26 25 18 5 10 6 7 0 9 8 20 21 
0 28 25 7 23 20 29 16 8 2 26 0 13 15 6 11 9 14 27 12 17 3 5 21 22 10 0 18 1 24 19 4 0 
0 6 2 24 10 0 23 26 11 29 22 8 0 3 5 0 16 12 19 14 15 25 17 20 28 9 1 18 7 27 13 21 4 
0 27 0 18 12 11 29 4 2 15 7 20 17 22 28 19 23 3 0 0 6 9 13 5 14 1 25 10 26 21 8 24 16 
0 25 21 8 0 20 18 16 2 9 28 13 10 5 23 11 0 7 0 22 26 29 6 1 15 27 12 3 14 19 24 4 17 
0 25 3 2 15 1 11 7 22 14 4 16 28 5 17 27 0 29 19 26 13 8 20 12 9 18 0 23 24 21 10 6 0 
0 18 4 10 14 11 1 2 0 27 20 16 8 0 12 17 13 29 23 25 28 0 5 22 15 19 6 24 21 3 7 9 26 
0 5 13 23 19 27 24 8 14 22 0 28 18 3 12 10 21 9 11 15 17 29 25 7 1 20 26 2 0 6 0 4 16 
0 17 24 10 0 14 0 22 21 12 20 5 29 6 8 25 27 1 2 3 26 4 28 16 11 9 23 15 7 13 0 19 18 
0 14 8 11 25 22 6 27 24 4 12 7 29 28 16 0 23 26 17 20 18 2 1 0 10 0 21 15 3 5 9 13 19 
0 16 15 3 4 0 22 24 5 7 0 18 1 13 29 26 17 10 14 12 6 20 19 2 23 0 8 25 28 27 9 21 11 
0 26 15 0 11 10 24 23 27 0 18 8 13 29 20 1 28 21 12 19 16 0 17 3 22 25 14 7 2 5 4 6 9 
0 25 29 1 8 15 17 21 22 6 19 12 20 16 14 7 18 28 4 26 23 0 5 11 9 24 27 0 13 0 2 10 3 
0 9 4 16 25 8 27 14 5 22 15 0 0 21 3 20 26 2 0 11 13 12 7 6 10 1 28 29 23 19 24 18 17 
0 12 10 18 13 22 16 9 23 27 2 7 0 6 14 8 21 15 3 19 20 29 5 4 0 25 1 26 17 28 24 11 0 
0 24 16 0 14 27 19 25 22 23 2 21 28 12 0 7 29 3 4 26 8 9 5 1 6 17 18 11 20 15 0 10 13 
0 22 5 24 13 20 3 15 2 25 4 9 28 11 26 18 23 0 29 7 8 10 16 12 19 1 14 17 6 0 27 21 0 
0 16 23 29 11 18 4 8 28 0 26 0 21 6 27 5 22 0 9 24 10 7 1 15 12 2 14 25 19 17 20 13 3 
0 8 16 23 24 28 3 4 29 10 25 0 22 13 11 26 7 20 12 2 27 14 1 21 9 0 6 0 18 5 19 15 17 
0 21 3 0 0 28 8 2 27 0 13 20 11 18 29 23 19 17 7 10 22 25 9 6 1 24 14 5 12 16 4 26 15 
0 2 22 21 11 14 27 19 18 0 15 12 20 23 17 10 29 3 0 25 6 13 26 0 16 28 9 4 1 24 8 5 7 
0 20 29 1 12 5 18 14 17 19 28 24 25 8 0 9 11 10 15 0 4 13 3 21 22 0 7 2 23 27 26 16 6 
0 13 24 19 10 14 6 0 3 25 0 15 23 27 5 8 22 17 2 9 12 1 4 29 11 20 7 0 18 26 21 16 28 
0 11 0 1 3 25 7 22 26 12 28 13 23 6 15 4 8 0 19 10 16 0 24 9 14 5 17 27 29 2 20 21 18 
0 0 24 13 8 14 15 10 6 3 1 9 0 19 2 18 0 22 12 29 27 4 28 26 16 20 11 7 25 21 5 23 17 
0 4 7 29 0 26 18 22 19 0 0 16 12 5 15 23 14 6 2 28 13 17 21 11 9 24 3 8 20 10 27 1 25 
0 22 15 24 23 19 14 18 7 26 10 27 16 25 6 2 20 17 0 28 9 11 4 8 21 29 0 13 5 3 1 0 12 
0 25 19 0 3 13 27 23 22 26 11 12 16 15 1 9 24 14 7 28 6 0 4 17 0 20 2 5 18 29 21 8 10 
0 27 7 25 0 12 14 2 13 9 0 6 8 4 11 16 21 23 3 28 5 0 15 10 20 1 19 22 17 24 26 29 18 
0 2 3 0 16 8 29 12 17 6 24 14 11 28 7 19 25 0 15 4 26 13 5 23 18 1 0 20 21 27 22 10 9 
0 11 14 3 22 26 20 7 6 25 15 10 24 16 0 8 13 27 9 18 12 29 17 0 5 19 4 2 1 28 0 23 21 
