0 5 10 2 18 3 0 15 20 12 11 6 4 9 19 16 21 8 17 22 14 0 7 13 1 
0 13 20 3 18 21 6 2 12 1 16 9 0 8 22 15 5 7 0 19 14 17 11 4 10 
0 2 19 13 18 5 0 21 20 10 11 1 8 16 7 14 9 0 6 4 17 15 3 12 22 
0 20 0 11 3 2 16 12 4 21 15 5 17 14 10 0 6 9 13 22 19 18 7 1 8 
0 21 15 3 2 10 5 4 11 9 1 13 20 6 22 8 14 17 0 0 7 18 19 12 16 
0 10 12 22 16 13 0 0 19 7 20 11 4 5 15 8 1 14 17 21 2 9 18 3 6 
0 16 4 19 12 3 13 14 18 20 7 5 1 2 0 21 8 11 15 10 22 0 6 17 9 
0 16 14 3 10 20 18 17 15 4 19 7 11 9 12 21 6 2 5 13 22 0 8 0 1 
0 9 4 16 6 8 1 13 11 18 3 12 19 15 22 0 17 20 21 7 0 5 10 2 14 
0 0 16 15 5 3 9 22 1 8 14 0 18 21 11 10 4 19 12 7 13 2 17 20 6 
0 14 2 8 12 9 19 16 0 5 4 17 18 3 15 22 21 11 7 0 6 1 10 13 20 
0 8 4 12 21 0 16 1 20 11 14 15 9 10 17 13 19 7 18 0 6 5 22 2 3 
0 21 12 20 1 8 9 5 10 7 0 19 6 15 17 16 22 13 3 0 14 2 11 4 18 
0 6 3 8 22 5 0 14 19 12 13 7 17 20 11 16 0 1 10 2 21 9 15 4 18 
0 18 16 15 3 17 7 1 11 19 2 20 21 0 12 5 0 9 10 13 14 4 6 8 22 
0 18 14 0 1 19 7 12 2 17 6 8 9 0 10 21 16 5 4 15 22 20 3 13 11 
0 0 2 7 17 18 22 14 0 12 4 20 10 16 19 6 1 5 13 8 11 21 15 3 9 
0 4 12 7 10 0 14 20 22 2 17 0 15 8 6 5 16 11 1 19 21 18 9 3 13 
0 14 20 0 13 2 16 11 8 3 0 21 15 19 6 1 12 9 18 7 5 22 17 4 10 
0 2 10 4 12 0 13 19 11 20 16 8 5 3 6 7 1 17 21 9 0 18 14 15 22 
0 18 12 15 22 2 7 10 14 11 17 20 16 1 8 4 0 3 6 19 13 21 9 0 5 
0 17 21 0 1 5 10 7 12 4 3 6 20 19 13 16 15 2 22 9 18 0 11 14 8 
0 12 9 3 11 2 15 18 21 0 14 8 1 10 22 7 16 5 6 13 19 0 17 20 4 
0 10 21 1 11 22 19 2 16 6 18 12 17 13 7 14 8 15 0 20 5 0 3 9 4 
0 22 12 17 6 3 7 2 5 0 0 15 11 16 20 18 19 21 1 13 8 9 10 4 14 
0 13 21 3 8 22 1 11 5 17 0 20 10 4 2 14 7 16 12 0 18 6 15 9 19 
0 13 20 8 19 15 16 4 2 1 18 0 14 6 11 9 7 10 12 17 3 5 21 22 0 
0 2 14 6 3 12 20 17 8 21 15 10 11 5 1 0 9 7 18 13 0 4 16 19 22 
0 5 4 16 18 3 9 19 8 2 11 15 6 0 14 20 10 13 1 21 12 7 0 17 22 
0 15 21 7 19 13 4 2 10 18 8 20 5 17 0 11 16 14 22 12 0 1 3 6 9 
0 8 18 0 13 20 16 14 9 4 19 10 5 11 7 2 21 17 6 1 15 22 12 0 3 
0 1 3 14 19 7 10 8 4 16 20 0 9 13 21 11 5 6 2 18 22 0 15 12 17 
0 18 6 19 21 10 16 14 3 2 12 5 4 17 7 0 15 0 11 13 1 22 20 9 8 
0 7 0 0 17 1 22 3 16 8 9 14 20 11 19 18 2 4 13 10 12 15 21 5 6 
0 14 21 18 13 22 9 8 0 0 4 12 3 10 19 5 11 6 15 17 16 2 7 1 20 
0 14 3 16 9 20 17 1 11 4 0 2 22 8 6 5 12 21 7 13 0 19 18 15 10 
0 2 16 20 14 0 8 4 12 15 19 22 10 17 9 11 3 21 0 18 1 5 6 13 7 
0 22 0 16 10 19 21 6 13 0 17 15 20 5 12 18 11 8 1 7 3 14 4 9 2 
0 5 10 16 0 0 8 3 1 18 21 11 4 13 7 9 20 15 2 17 14 12 6 22 19 
0 0 8 5 10 21 13 12 4 11 15 17 1 20 18 6 9 16 3 19 22 14 7 2 0 
0 16 2 8 19 12 4 13 0 18 22 6 5 15 7 14 1 0 10 20 11 21 3 9 17 
0 12 6 4 5 15 14 21 1 10 22 0 9 8 19 3 2 16 0 13 17 20 11 7 18 
0 17 22 20 1 0 8 16 18 15 19 0 7 6 9 11 13 21 10 2 3 5 12 14 4 
0 14 21 13 18 4 5 17 20 1 10 2 0 7 12 6 8 16 9 15 3 0 19 22 11 
0 9 7 16 0 19 21 22 8 2 14 20 4 18 5 3 1 6 17 11 15 10 13 12 0 
0 2 10 8 6 15 12 5 1 22 21 16 11 4 14 13 0 18 20 17 19 0 3 9 7 
0 22 0 21 3 6 10 11 13 20 9 1 0 4 17 5 2 19 16 7 18 12 15 14 8 
0 18 2 3 13 20 17 8 5 14 0 16 11 22 6 12 0 9 19 4 21 10 7 1 15 
0 0 2 18 8 16 3 13 4 21 14 10 20 0 12 7 1 11 9 6 22 19 15 17 5 
0 4 17 20 5 19 14 1 10 0 7 3 6 21 2 0 18 8 13 11 16 12 22 15 9 
