0 90 86 99 103 9 48 29 133 16 120 44 107 81 109 39 122 51 119 68 113 56 92 57 64 83 37 6 116 49 98 41 88 111 0 96 28 14 87 40 7 132 0 13 108 22 25 20 123 127 31 93 21 128 125 19 97 42 18 130 61 34 112 105 74 76 0 38 115 129 15 126 32 36 2 58 3 11 10 5 0 33 84 12 0 24 75 102 23 82 30 134 77 135 43 79 80 70 69 121 45 54 46 63 53 65 26 124 73 0 47 62 8 55 27 72 100 67 17 131 66 95 114 106 110 101 50 1 94 78 71 85 35 117 118 91 89 104 60 52 4 59 
0 16 94 0 83 29 47 108 0 17 57 93 98 0 105 112 122 12 78 23 68 46 104 92 62 124 58 39 2 4 75 34 32 59 20 1 41 67 7 120 30 53 77 91 19 24 66 84 102 70 36 107 61 60 109 40 8 80 85 54 130 51 121 119 5 125 106 103 117 82 90 116 114 15 72 99 0 48 33 113 43 96 0 129 95 81 22 100 11 6 9 31 89 63 69 88 127 71 49 126 123 35 28 55 131 18 101 73 110 26 21 111 37 128 79 42 0 135 132 65 38 50 86 14 64 25 76 133 115 87 74 27 13 45 52 97 134 44 118 56 10 3 
0 78 53 4 122 129 92 107 106 16 110 62 91 96 45 1 131 76 133 25 31 67 15 120 37 90 8 22 23 68 93 18 126 0 66 57 0 94 108 69 73 48 14 9 19 88 54 60 20 63 49 65 102 130 124 86 59 5 21 51 95 127 7 123 55 56 118 0 64 116 38 0 2 134 72 99 71 35 10 52 98 3 128 87 125 77 119 79 113 13 43 109 39 75 41 114 42 6 111 50 30 44 0 0 83 74 84 104 58 97 12 36 105 11 47 32 26 40 27 121 24 34 46 85 61 89 112 70 115 100 80 135 28 33 29 117 82 132 17 103 81 101 
0 81 65 37 63 121 131 30 69 47 70 67 5 4 42 3 105 115 111 85 109 80 130 122 57 38 15 17 0 75 1 34 24 0 118 76 18 19 56 104 102 132 8 14 32 58 95 52 100 87 26 119 25 86 0 107 0 61 128 114 43 54 97 93 9 68 59 116 35 13 112 12 6 91 0 110 50 135 51 127 106 73 28 55 33 20 134 49 74 99 78 16 11 77 133 90 22 101 71 96 89 39 0 40 27 103 21 48 108 66 98 10 7 117 83 36 84 124 79 72 44 53 92 123 62 126 64 41 31 29 94 129 88 120 113 82 46 2 125 60 23 45 
0 81 25 133 43 134 115 24 116 14 85 62 2 69 123 102 8 19 84 37 107 48 97 21 13 86 95 118 34 112 6 124 29 99 63 90 28 135 41 18 79 33 59 11 110 0 54 30 10 114 71 73 120 121 126 17 23 78 39 61 105 0 5 89 12 132 131 51 130 122 3 38 32 103 9 108 109 55 75 50 128 106 47 91 119 80 113 22 111 53 67 93 60 26 0 66 77 82 36 117 72 27 0 100 0 49 83 15 64 127 88 94 101 44 52 70 125 45 58 92 57 16 1 42 0 68 98 46 87 65 56 40 104 74 96 129 20 35 76 4 31 7 
0 4 134 7 41 43 107 12 0 127 48 79 128 58 61 72 20 99 89 69 121 2 102 55 108 0 45 39 33 76 37 54 93 50 0 60 26 74 126 66 105 95 90 1 109 118 86 80 73 123 116 0 17 46 131 91 62 38 71 65 110 53 70 111 11 49 125 132 115 87 96 29 0 83 23 16 36 44 103 106 84 5 28 3 77 130 6 24 13 64 42 51 30 14 9 124 88 27 122 15 31 52 97 40 47 113 92 129 100 18 21 68 59 34 78 19 117 114 133 75 112 22 94 81 10 25 35 101 32 98 0 120 56 119 82 104 8 63 135 57 85 67 
0 64 15 37 49 18 111 113 1 77 80 95 91 30 75 34 52 98 0 40 128 32 123 59 43 60 83 54 81 70 135 133 24 19 2 29 118 62 31 38 109 121 105 22 14 36 134 16 28 88 99 44 103 84 73 117 104 87 21 74 47 112 25 56 3 39 11 42 124 86 102 68 0 4 58 51 119 57 5 107 17 89 41 94 48 65 0 61 66 12 116 7 6 106 27 114 20 13 122 33 10 97 93 79 96 35 108 9 132 125 110 92 26 131 53 71 46 0 0 127 130 82 72 90 0 78 55 45 23 126 101 120 76 8 129 63 67 69 85 100 115 50 
0 113 0 12 2 123 0 109 36 6 49 84 72 110 16 89 93 42 41 102 85 43 46 127 112 0 0 67 91 59 82 86 108 61 120 117 133 104 8 115 39 20 57 78 30 97 114 87 45 38 51 116 71 134 129 107 111 50 92 75 1 95 125 17 54 100 5 79 62 25 121 58 55 31 64 26 105 0 37 63 118 76 3 56 66 23 28 10 11 119 68 124 81 9 34 27 14 131 106 70 130 7 80 135 53 99 24 132 0 18 73 29 88 33 19 4 22 128 69 122 77 60 40 52 48 83 103 47 44 96 74 90 32 101 65 126 13 35 15 21 98 94 
0 64 40 47 73 58 61 133 106 125 118 49 5 109 22 0 132 2 91 131 78 57 127 35 83 41 129 21 107 38 18 115 79 126 90 65 11 81 111 10 72 82 39 50 26 32 84 67 120 29 128 0 8 25 6 42 44 68 60 86 74 123 51 80 31 77 102 108 0 16 104 85 75 45 112 134 98 71 7 93 94 1 24 117 13 130 88 33 14 4 30 20 27 113 9 12 55 97 52 135 92 28 63 43 56 36 0 89 121 95 114 66 116 53 37 101 76 17 110 48 34 105 23 3 122 54 19 46 62 15 103 0 59 100 87 124 96 70 0 119 69 99 
0 132 59 54 32 135 0 56 122 19 103 91 101 27 52 96 25 14 66 30 53 13 38 130 51 134 46 105 114 133 87 112 74 76 97 125 45 100 99 60 57 2 117 4 34 93 116 21 110 86 47 6 5 131 102 37 67 0 10 50 94 63 9 84 22 0 109 119 49 35 121 36 71 0 11 88 124 3 1 107 55 40 81 108 26 85 92 15 120 73 7 111 82 12 29 33 90 104 17 16 43 62 128 80 41 127 118 83 18 115 68 42 65 8 20 0 129 58 89 75 113 95 24 98 78 23 44 31 61 77 48 64 28 126 69 79 123 72 0 70 106 39 
0 95 30 44 29 73 118 91 63 64 24 22 14 39 123 112 111 26 83 66 90 97 67 46 101 15 0 41 32 25 108 12 134 130 71 92 105 114 131 98 3 120 11 50 107 127 100 113 119 45 31 76 42 37 51 128 74 23 81 132 0 34 9 89 0 8 54 6 1 5 61 79 7 60 94 53 48 36 55 56 115 59 13 133 129 0 110 0 85 69 2 78 82 86 102 35 106 77 16 52 57 49 121 21 38 124 43 0 99 62 28 87 19 116 10 20 17 117 58 40 80 4 75 88 65 93 103 109 72 125 47 135 126 84 18 96 27 104 33 122 68 70 
0 98 73 45 46 47 57 132 64 75 15 56 78 22 122 43 38 62 71 0 120 19 109 5 12 40 48 53 123 93 89 13 76 41 131 97 29 133 77 115 9 39 11 27 18 61 100 117 88 125 34 0 124 0 87 58 7 36 79 107 112 0 42 102 8 92 130 26 105 80 104 25 67 6 81 85 28 66 96 106 83 129 72 90 110 31 44 23 21 55 32 126 1 94 69 30 91 82 51 60 3 33 114 68 101 118 37 128 65 86 116 99 59 24 10 84 4 103 14 54 49 2 20 17 108 35 134 135 74 16 70 52 113 111 50 127 95 121 119 0 0 63 
0 44 99 108 135 127 95 133 28 73 42 24 74 90 98 50 75 105 2 55 83 68 6 5 30 123 16 119 94 134 129 92 64 67 132 115 11 104 107 111 40 35 109 78 106 0 13 103 121 0 1 47 72 84 125 61 9 34 43 25 53 71 126 58 59 82 102 89 65 113 32 56 15 81 114 21 41 7 124 33 57 48 79 14 116 80 100 3 60 27 97 66 12 38 112 63 45 19 91 0 39 29 23 122 46 130 93 85 26 37 117 120 31 10 70 69 87 17 77 76 18 88 54 49 52 96 4 8 86 131 128 0 0 20 0 22 51 101 118 36 62 110 
0 31 45 40 32 133 30 69 109 96 0 53 8 64 87 130 125 42 28 34 124 49 85 99 86 82 90 70 122 100 18 97 25 119 16 80 0 95 132 131 57 50 27 56 81 26 98 104 106 38 123 129 24 21 11 1 59 108 33 22 29 101 94 120 91 58 63 10 113 89 48 44 43 13 2 68 84 5 0 15 116 105 4 67 112 54 47 78 114 36 0 72 92 77 20 41 76 103 55 3 62 71 7 128 46 35 121 39 83 74 66 102 52 12 0 134 73 126 111 9 65 75 127 61 37 117 110 19 115 23 79 107 6 118 14 88 0 17 135 60 51 93 
0 4 77 75 67 9 90 21 88 19 95 28 40 0 96 106 66 128 62 41 117 0 7 105 49 111 12 60 122 50 135 74 72 1 38 78 120 115 87 58 20 34 18 92 80 70 104 132 64 53 31 85 36 108 84 0 73 54 83 52 97 45 13 86 131 89 98 44 56 14 69 103 3 110 61 55 39 119 127 25 134 51 130 0 48 118 100 32 0 37 57 0 27 113 91 99 23 68 129 123 112 6 71 33 22 5 63 102 2 82 29 46 126 79 43 114 47 133 101 124 59 35 93 16 65 121 17 76 15 30 26 116 125 24 109 11 42 107 81 8 10 94 
0 70 35 119 115 101 13 43 8 131 25 21 67 117 34 52 37 61 110 106 77 23 16 50 0 120 95 126 46 130 103 45 18 3 93 72 116 109 69 58 87 14 5 107 82 9 11 129 0 135 0 118 108 7 98 62 0 94 0 122 28 133 59 42 91 123 79 84 132 73 75 12 86 2 55 36 102 112 15 41 63 66 44 71 56 48 127 19 22 64 57 40 1 114 113 20 100 27 111 51 92 32 29 81 134 80 6 78 30 53 26 10 104 128 68 54 49 38 39 47 125 74 96 65 121 99 97 24 89 90 83 124 4 60 0 88 105 76 33 17 31 85 
0 109 58 83 19 1 111 51 71 13 89 62 80 67 91 27 0 70 66 28 130 40 60 35 22 116 4 120 82 34 107 14 3 54 61 18 134 128 77 112 129 125 84 52 98 41 90 115 131 74 65 64 72 118 104 0 73 11 127 9 113 2 100 75 0 110 21 88 47 87 53 48 43 0 39 69 36 56 0 10 31 106 23 44 0 63 103 97 105 50 49 79 85 59 135 122 42 25 99 95 5 93 32 55 68 33 92 123 29 108 101 119 15 94 124 7 117 121 132 24 86 126 102 133 57 12 76 8 45 37 96 6 30 20 114 17 38 81 16 26 78 46 
0 94 133 67 8 58 52 86 25 127 0 101 72 73 83 76 34 110 16 54 9 0 68 103 23 49 4 115 124 96 50 97 1 14 88 55 120 122 38 15 71 0 82 129 53 42 98 100 17 109 91 105 81 6 78 128 131 39 20 59 37 123 43 89 33 0 0 69 32 92 45 64 84 85 5 62 41 80 90 121 22 44 99 106 12 28 31 79 11 87 7 108 47 134 118 3 95 126 119 117 27 36 116 107 26 46 135 24 61 112 130 57 56 102 111 77 70 113 66 74 40 10 30 21 19 35 114 65 0 48 29 18 125 132 51 2 75 60 13 93 63 104 
0 37 75 9 90 42 67 26 54 116 77 53 122 32 131 45 111 104 113 87 119 126 99 101 5 13 69 0 82 4 49 3 102 110 65 35 56 29 98 132 117 86 80 68 1 61 134 88 135 14 38 55 78 125 100 11 20 129 33 59 0 81 28 96 36 15 40 24 17 43 115 109 34 41 16 60 52 27 66 94 92 8 79 0 30 74 123 0 62 63 103 23 128 127 47 6 97 18 21 25 118 105 12 39 70 85 83 89 31 57 46 106 112 120 108 7 0 48 114 0 76 22 58 95 107 72 93 71 50 2 51 64 91 73 44 84 124 121 130 133 10 19 
0 37 124 17 10 47 81 9 56 76 33 116 5 131 43 97 61 3 34 8 60 73 12 74 108 1 6 109 92 31 94 49 57 15 113 98 66 0 117 82 78 89 27 127 46 40 93 4 135 103 77 54 125 11 71 35 53 26 112 32 21 30 126 118 91 67 44 64 68 80 16 69 99 96 119 86 24 87 13 23 38 121 88 75 0 83 129 39 58 63 0 50 2 51 36 42 132 48 0 102 106 7 123 107 90 134 115 84 59 28 104 101 29 0 128 130 18 45 19 41 20 65 62 110 95 79 122 114 55 111 70 52 22 25 85 133 105 72 120 0 14 100 
0 133 33 114 82 21 128 0 115 112 20 51 125 66 117 113 126 122 70 123 120 93 11 80 53 22 59 8 86 96 87 44 32 55 110 0 118 34 98 99 0 7 37 106 40 30 81 83 91 2 48 127 101 108 13 74 103 85 65 79 116 49 107 129 24 28 72 104 62 58 135 119 52 15 14 0 10 25 124 35 6 39 1 92 105 26 60 68 4 95 132 9 45 36 97 47 27 19 0 73 61 69 111 12 84 5 63 76 64 89 31 29 23 100 46 3 121 77 131 88 90 0 94 102 78 130 109 18 56 17 67 75 57 16 38 42 43 41 50 54 71 134 
0 77 98 3 99 34 93 128 47 22 58 65 0 60 119 100 86 64 102 123 85 59 133 11 126 0 37 16 80 118 28 50 52 54 135 112 103 117 127 131 115 32 10 5 2 20 96 110 88 81 132 75 44 106 45 95 114 97 43 33 21 134 61 38 19 30 68 23 71 120 73 82 42 35 29 125 113 36 4 6 122 39 72 55 74 8 104 63 40 0 92 116 56 66 1 12 105 84 89 108 26 101 46 13 14 48 90 79 76 27 9 15 57 41 94 107 62 49 0 67 31 53 70 78 83 51 130 91 87 109 0 69 17 25 129 121 24 111 0 18 124 7 
0 80 48 10 27 86 131 109 117 39 91 17 134 100 68 130 36 71 26 123 38 59 94 70 72 127 83 121 0 118 6 4 120 57 99 16 88 22 64 13 0 75 60 7 76 107 133 96 2 113 81 53 63 102 43 25 41 85 78 128 126 105 84 45 51 50 116 40 98 1 0 62 14 135 67 125 33 90 93 42 58 95 47 103 124 0 29 23 19 66 92 119 54 97 82 5 87 122 24 106 101 55 61 110 112 114 3 8 34 77 9 32 104 74 37 18 129 35 56 73 108 89 115 46 65 12 28 111 132 20 69 21 52 79 0 31 11 30 0 15 44 49 
0 2 31 0 24 94 34 134 70 58 82 0 50 60 76 101 48 57 44 107 0 123 54 65 23 127 35 102 106 37 27 71 114 41 135 47 33 19 96 20 104 52 80 29 3 105 14 129 21 5 86 36 55 89 0 13 26 112 98 132 64 16 88 15 113 43 56 131 120 1 39 128 81 83 28 74 110 78 109 130 118 0 22 42 84 61 69 12 85 46 40 119 90 10 9 92 45 97 79 38 116 59 6 87 32 125 77 124 8 111 122 121 66 30 115 108 126 0 63 51 72 99 100 17 93 75 62 4 49 91 53 11 103 18 73 133 68 117 95 25 7 67 
0 56 26 17 81 83 39 111 32 121 44 58 129 124 21 91 28 101 102 84 49 134 55 1 10 37 22 122 65 16 71 43 15 100 115 132 117 90 40 63 20 13 14 59 112 76 48 96 35 75 127 105 104 45 87 5 66 118 33 79 31 38 54 47 0 53 6 0 123 89 113 19 41 7 99 126 85 27 103 95 73 62 24 12 92 60 109 120 68 52 128 93 0 97 46 36 98 110 51 25 34 70 67 11 74 0 42 106 3 9 125 131 2 69 108 0 23 0 61 107 133 72 119 94 57 4 86 114 88 77 80 18 135 82 130 8 50 29 64 30 78 116 
0 85 118 67 132 49 126 39 94 25 91 80 131 93 19 102 41 103 128 51 71 9 130 69 127 107 101 60 27 70 86 1 21 77 62 120 6 117 100 10 26 13 133 78 72 0 84 55 23 119 109 53 115 2 75 44 46 96 31 35 111 129 105 124 18 3 123 108 106 0 95 14 61 58 52 48 114 104 82 38 29 24 112 42 11 73 90 34 37 16 33 65 4 50 63 32 57 92 40 88 56 22 74 17 110 79 0 135 68 125 36 5 87 43 12 66 45 121 30 122 83 81 15 116 134 98 8 64 76 113 54 7 0 20 0 89 0 47 28 97 59 99 
0 83 108 43 53 88 52 0 105 32 24 81 19 59 6 129 36 39 0 17 42 122 133 65 80 125 1 107 18 2 69 48 73 16 28 26 93 54 98 106 90 109 40 58 79 31 14 0 64 86 0 82 47 101 135 37 131 51 72 75 5 25 94 22 87 67 123 12 115 66 56 55 45 0 78 30 11 38 96 49 41 44 130 57 77 127 27 61 120 7 35 95 4 112 84 71 60 13 9 23 8 111 100 20 119 15 128 116 132 63 33 76 103 99 113 21 50 121 0 118 10 85 110 3 34 29 68 91 92 114 104 126 70 46 62 134 97 102 117 89 74 124 
0 48 24 117 12 110 62 63 14 106 29 34 35 0 65 107 44 54 20 101 0 76 116 133 128 87 130 115 28 120 64 127 66 15 95 56 1 46 114 50 25 122 60 74 100 83 0 32 47 17 92 40 132 39 96 42 118 9 43 36 90 26 30 11 21 126 59 71 129 5 33 113 61 22 79 67 37 19 6 86 23 112 53 77 72 135 0 109 73 16 52 55 13 84 97 93 58 121 104 7 111 108 51 124 105 69 98 2 75 123 57 80 89 3 85 134 45 38 8 82 49 91 81 4 78 88 18 41 125 94 10 31 119 102 27 99 0 68 0 70 131 103 
0 89 109 60 70 73 5 124 82 22 2 115 103 78 35 12 88 3 67 42 0 94 90 105 39 54 37 97 25 132 134 110 61 64 63 131 21 24 51 112 11 14 52 121 102 8 10 69 111 118 125 74 18 34 6 127 106 92 0 9 75 117 32 85 99 81 45 49 31 84 27 133 41 0 107 38 68 7 93 95 57 55 44 53 108 46 62 30 130 79 113 128 19 0 123 43 28 119 48 15 36 20 87 56 129 58 91 47 0 135 96 65 66 0 17 100 86 114 126 29 83 104 16 50 59 33 101 98 122 80 120 76 40 71 72 13 1 23 116 26 77 4 
0 31 12 19 30 100 59 48 114 106 128 90 102 26 132 24 123 35 10 133 60 46 95 0 120 62 15 81 111 135 2 45 17 79 98 97 37 16 23 118 117 49 41 77 7 119 0 105 88 126 4 70 130 125 78 0 3 25 11 47 32 63 54 82 29 129 124 50 68 115 134 71 75 21 34 87 127 104 74 65 96 6 36 112 42 67 43 56 0 91 110 93 66 103 33 18 122 39 5 72 40 84 131 107 85 0 92 22 83 101 53 13 64 116 86 61 108 27 76 94 20 51 9 1 80 52 55 38 109 57 69 113 99 58 44 0 14 28 8 73 89 121 
0 69 128 45 30 47 95 4 103 124 32 135 76 91 70 75 122 82 123 72 9 134 28 20 36 86 67 31 8 121 42 110 48 14 98 117 131 0 114 15 60 0 50 38 120 18 41 85 46 53 113 132 64 16 83 57 94 115 90 130 59 43 55 22 63 35 116 12 78 88 0 25 119 51 109 84 54 81 93 79 99 29 3 96 68 92 74 107 10 26 77 21 106 0 112 44 49 126 111 65 0 73 2 104 52 87 6 17 27 71 118 105 23 62 7 101 39 13 40 129 89 58 97 33 80 24 11 127 0 34 5 37 1 100 66 56 102 108 19 125 133 61 
0 52 122 72 83 59 82 39 119 86 48 17 111 92 131 2 33 37 41 74 115 31 102 28 77 34 71 3 120 61 121 126 40 12 118 66 53 80 75 76 46 106 60 27 129 99 133 69 10 104 43 132 4 14 130 134 68 58 0 123 36 85 8 9 70 32 84 124 5 24 81 88 22 57 65 42 45 100 29 18 23 50 62 30 15 26 109 103 7 90 135 49 96 114 73 110 0 125 91 21 94 0 11 13 38 51 113 95 25 98 63 93 78 0 47 0 97 0 55 116 112 105 56 101 64 128 87 89 107 1 108 44 35 6 79 117 54 127 20 67 19 16 
0 60 51 36 130 18 43 23 112 67 38 1 0 99 102 94 41 35 103 122 19 124 16 72 68 11 81 134 106 58 44 79 83 91 15 89 0 34 0 121 131 24 75 52 5 98 125 127 25 33 115 114 10 53 108 45 113 9 76 117 73 61 132 57 85 110 128 6 87 31 50 56 4 88 71 126 63 100 104 3 21 97 0 93 65 22 111 32 54 129 123 2 0 105 96 80 101 40 7 90 82 116 49 8 92 64 39 109 28 66 0 55 30 84 12 135 107 133 118 29 78 17 27 77 37 69 62 70 26 59 20 46 48 74 120 42 119 95 13 14 47 86 
0 69 19 127 11 117 41 130 135 71 115 4 21 33 27 78 118 25 65 73 12 133 31 74 123 70 124 122 14 59 97 114 63 121 0 125 112 111 38 18 104 100 44 8 66 134 51 0 132 131 47 80 99 83 26 88 10 57 0 109 36 16 55 106 110 62 79 87 72 61 20 120 0 85 34 56 67 30 86 54 113 15 50 93 64 89 45 53 17 2 32 82 9 129 68 76 35 5 92 42 60 77 24 0 91 0 128 7 6 126 105 43 96 29 84 95 39 23 90 40 52 98 108 102 58 13 1 81 107 48 46 75 28 37 3 94 101 22 119 103 49 116 
0 131 35 114 49 73 105 55 76 127 3 61 13 123 119 92 44 108 20 63 111 90 34 17 31 0 26 128 116 1 52 7 130 50 104 47 5 0 94 57 81 78 120 95 54 98 71 19 97 109 129 99 4 121 30 106 37 93 70 62 110 12 65 38 41 124 0 15 8 40 21 6 66 36 132 18 87 39 29 2 96 122 16 83 107 68 45 53 25 0 10 84 0 77 112 67 103 134 75 48 51 126 33 82 86 101 9 0 28 117 59 118 79 64 88 113 115 14 80 133 22 46 74 135 11 91 100 125 58 69 72 102 43 27 60 32 23 89 85 24 42 56 
0 57 133 1 43 21 52 17 0 18 13 6 56 127 8 36 67 26 96 65 125 94 79 48 7 59 23 86 114 19 42 22 41 124 97 9 31 101 20 30 70 53 0 76 71 3 89 33 5 122 34 85 68 69 104 63 129 12 110 47 119 83 115 25 120 0 45 103 0 111 15 46 73 107 35 82 109 64 108 29 91 95 51 78 24 54 126 93 58 130 39 106 4 135 49 99 98 112 66 116 74 72 90 128 60 37 123 0 105 44 0 28 113 61 32 117 131 121 27 132 55 14 92 2 84 88 75 134 87 38 62 50 102 40 100 77 80 81 10 118 16 11 
0 126 65 11 110 53 52 80 73 105 82 130 62 132 93 87 68 79 10 24 18 0 112 26 4 76 48 64 9 124 116 74 1 101 21 31 108 3 23 14 32 6 0 0 47 121 128 104 94 7 25 33 57 55 69 30 0 59 27 60 77 103 91 129 97 70 49 125 123 122 61 75 42 50 107 17 111 12 92 44 66 84 100 36 34 0 0 28 81 72 113 45 109 134 90 5 40 41 83 46 106 15 114 63 67 131 99 13 117 88 96 85 8 71 54 89 39 86 115 118 56 95 16 20 37 2 133 51 78 38 29 119 127 135 98 120 43 22 19 35 58 102 
0 24 33 42 60 81 21 0 16 35 48 39 25 10 86 12 116 34 31 15 123 3 38 7 105 97 95 111 0 121 73 46 30 127 52 91 44 72 41 0 74 131 117 13 112 78 22 134 14 4 90 94 64 6 92 103 2 115 118 80 0 135 132 58 93 113 0 53 0 66 9 69 43 125 37 75 29 45 8 77 96 109 28 57 101 85 5 49 26 133 62 36 122 56 88 98 83 70 55 110 79 51 50 71 65 63 11 106 102 59 32 89 18 100 27 20 124 84 130 40 120 1 19 107 87 108 23 104 61 68 82 128 67 47 99 114 129 119 126 17 76 54 
0 72 6 130 53 81 37 75 2 90 15 58 19 31 46 106 0 66 25 12 132 10 0 89 33 124 109 60 123 41 121 0 88 36 65 135 125 85 7 131 9 17 55 68 120 103 44 42 40 94 43 64 133 101 122 78 110 28 118 3 0 45 0 5 77 129 54 95 86 104 63 113 114 56 98 29 96 93 115 71 112 91 24 48 80 134 38 117 83 62 51 4 92 0 111 52 57 27 107 67 97 16 69 126 100 102 18 70 108 49 30 39 11 13 116 35 22 82 84 47 73 26 105 1 14 119 59 79 76 32 23 87 99 21 61 8 74 34 20 50 128 127 
0 23 76 113 116 1 13 134 20 80 81 105 49 64 82 83 70 16 77 104 124 112 14 61 87 117 69 11 135 67 18 127 107 57 21 38 56 4 0 119 125 118 28 120 42 0 108 58 60 65 53 45 99 84 68 0 47 92 32 111 122 30 88 27 10 9 93 40 19 3 95 94 24 100 31 34 12 17 85 73 78 54 89 79 121 26 131 25 33 52 6 114 128 29 102 72 0 75 126 55 129 41 63 7 132 62 66 98 86 8 35 39 50 15 2 115 43 101 96 48 90 37 46 74 106 0 109 130 59 71 133 123 5 22 0 91 103 97 36 110 51 44 
0 88 108 107 77 121 101 36 1 79 16 24 102 18 5 0 23 100 125 87 86 94 15 133 129 27 66 0 44 50 119 72 37 117 75 99 67 28 3 0 128 97 95 81 26 13 4 84 32 123 49 131 96 41 31 60 91 69 56 8 25 126 14 104 21 10 85 70 106 105 6 59 51 63 135 0 11 46 110 2 29 35 39 115 54 22 47 76 73 71 9 43 30 118 113 111 83 19 58 0 112 98 45 64 68 38 7 78 122 74 55 134 89 82 33 62 116 17 103 132 124 90 130 114 42 127 57 61 52 0 53 40 120 48 93 65 80 92 20 12 109 34 
0 68 93 25 69 48 39 16 46 32 72 62 51 65 3 18 71 33 128 23 56 121 132 52 112 101 21 34 76 4 67 66 31 0 30 84 118 105 58 75 127 135 96 5 85 91 113 24 53 110 38 109 57 123 94 6 7 73 95 40 44 74 1 0 10 108 28 117 13 49 92 12 54 17 15 77 107 82 11 122 80 41 0 103 125 88 129 98 26 19 43 64 89 70 50 106 14 42 124 131 119 9 0 100 55 47 130 104 60 87 115 36 102 59 78 8 79 126 134 86 90 99 83 29 45 37 116 22 0 111 63 27 20 133 0 35 61 120 2 81 114 97 
0 77 0 118 79 76 22 2 78 112 95 121 34 84 9 0 94 125 81 128 27 85 129 62 87 106 131 43 25 26 21 46 6 44 97 105 40 53 132 0 13 70 56 20 115 96 50 39 102 133 109 0 29 75 83 123 15 0 89 24 93 113 108 18 41 11 5 92 58 0 126 19 135 90 119 23 10 88 3 103 30 104 124 7 110 69 111 64 86 65 114 120 57 52 45 12 16 98 48 71 73 60 67 17 33 117 32 100 66 14 42 116 99 4 80 35 127 49 91 31 54 1 68 55 82 130 47 101 59 72 63 28 122 107 8 51 61 38 37 134 36 74 
0 53 121 88 99 107 76 93 18 112 68 94 0 103 2 28 74 120 110 9 135 83 43 77 102 109 33 89 49 128 60 116 31 61 14 27 11 72 100 97 36 51 125 129 123 84 50 85 78 95 133 55 0 92 106 90 16 81 111 96 69 131 25 101 59 13 47 19 87 0 71 45 126 26 12 44 64 62 38 108 105 113 124 0 5 6 127 119 0 8 24 115 48 1 3 98 34 54 82 35 130 40 86 104 41 66 0 30 63 117 15 32 134 67 79 70 17 75 37 91 46 65 80 58 7 42 132 22 21 56 4 114 23 122 52 39 20 29 57 73 118 10 
0 77 106 1 0 24 123 99 5 117 39 127 133 102 76 82 119 35 114 115 38 21 56 93 11 48 74 14 90 94 118 57 124 130 60 10 13 42 3 58 0 52 9 62 105 17 47 23 75 43 109 40 25 65 128 55 113 6 32 70 81 31 46 8 27 7 71 22 86 0 88 83 87 95 134 73 68 2 72 116 108 49 61 63 107 30 89 131 85 19 78 92 67 0 80 45 51 101 132 4 50 129 69 122 125 100 104 120 54 112 98 26 111 44 29 41 16 37 20 79 33 36 110 103 0 135 97 66 64 126 18 59 91 15 12 84 121 0 96 53 34 28 
0 134 123 110 0 41 84 60 125 103 78 20 23 80 91 111 83 118 77 33 0 43 94 64 0 27 2 93 25 87 49 30 22 18 42 15 100 105 52 8 88 17 96 1 19 127 106 76 99 81 10 4 108 124 44 130 9 58 115 121 68 70 56 0 67 21 6 129 126 102 95 16 62 82 117 97 79 63 128 37 65 51 54 12 36 32 26 75 122 55 28 40 119 72 14 7 11 59 34 66 39 0 53 74 0 71 131 45 112 69 50 114 86 116 5 133 107 48 46 57 24 73 135 132 47 35 29 13 89 101 31 98 92 104 38 3 113 85 120 90 61 109 
0 104 109 10 133 34 54 62 36 69 75 119 106 93 114 100 134 122 44 46 89 53 23 105 22 60 6 73 124 42 18 5 110 82 7 99 86 96 94 107 129 67 47 61 65 49 16 84 77 116 14 50 0 24 135 117 112 128 25 12 131 90 0 38 40 1 121 102 55 88 97 33 39 8 0 103 66 83 92 21 68 26 31 43 30 4 95 13 72 56 45 98 79 32 0 29 123 28 3 11 74 126 87 51 91 125 118 0 113 59 78 120 57 52 41 111 19 58 76 85 81 64 2 101 70 35 27 15 0 71 20 48 132 63 127 37 9 130 80 115 108 17 
0 94 0 47 84 6 71 134 31 46 4 113 2 88 67 83 34 18 72 36 50 39 0 73 115 65 1 106 116 93 42 121 130 74 62 103 127 9 128 95 3 99 114 0 75 15 17 21 24 20 53 108 76 91 129 19 44 35 89 58 117 107 43 22 69 63 133 80 37 7 111 135 131 52 45 112 5 100 64 29 86 33 11 30 125 25 32 110 85 123 23 0 41 124 101 38 87 105 119 14 82 48 97 61 78 104 79 92 122 96 68 56 28 90 126 27 51 8 26 102 13 59 77 49 0 66 55 120 0 54 98 10 70 16 109 40 57 60 12 81 132 118 
0 56 31 81 74 67 103 97 130 47 3 69 101 95 57 98 106 135 34 11 82 75 8 1 122 70 126 13 127 61 124 85 87 131 76 92 88 77 110 116 32 111 29 41 134 93 55 73 17 53 5 43 84 132 9 90 79 14 133 59 48 33 121 0 63 119 45 72 60 125 104 105 91 107 113 120 21 12 51 6 50 46 42 102 78 27 114 112 94 28 80 58 117 86 30 100 39 22 18 37 19 66 38 129 0 4 83 24 10 89 115 40 0 108 2 25 20 7 54 68 109 0 123 0 65 64 71 23 0 96 36 62 26 44 16 49 52 99 128 35 118 15 
0 13 131 124 11 69 120 95 4 19 132 125 25 67 88 56 71 49 10 133 43 77 96 47 115 66 121 108 89 8 14 87 53 24 34 22 54 79 0 85 17 74 50 127 20 0 57 3 16 58 80 103 0 123 31 35 45 112 2 104 82 0 91 94 32 128 61 38 72 98 12 83 92 51 106 90 75 62 30 21 42 100 0 129 23 52 105 48 109 99 84 113 6 110 135 126 9 122 130 111 1 29 68 93 65 114 33 26 39 5 44 70 76 0 107 117 101 41 119 18 60 81 15 40 102 36 97 64 116 37 86 118 55 134 28 7 59 78 73 63 27 46 
0 85 28 94 36 88 54 90 115 84 83 12 0 33 107 23 35 89 57 58 39 125 2 50 40 34 37 102 65 0 112 44 69 26 78 103 61 27 127 29 91 14 73 16 109 74 59 79 22 17 129 95 4 10 86 42 46 9 70 87 0 0 97 6 80 68 62 24 126 128 99 75 98 92 123 43 19 135 117 53 0 114 7 110 93 64 113 30 38 66 45 3 104 0 76 106 124 11 72 132 31 60 119 81 63 41 96 131 82 67 49 18 77 122 121 71 111 134 15 51 8 32 130 55 105 133 21 108 118 25 56 116 47 101 100 20 5 13 52 1 48 120 
0 74 51 25 115 42 38 98 118 84 54 14 135 2 21 16 22 66 56 0 71 44 80 52 28 72 27 24 31 48 18 122 126 45 117 64 40 121 130 114 35 73 92 113 93 129 75 103 77 123 43 128 13 26 55 124 132 49 0 58 94 5 106 6 0 29 102 36 111 91 59 10 68 7 108 47 125 96 85 1 69 4 100 120 105 19 11 119 109 107 70 17 87 39 67 90 34 12 41 9 61 0 110 65 23 37 79 32 8 99 127 82 62 131 78 3 0 86 133 57 50 15 97 81 95 88 20 83 116 76 89 112 63 134 60 33 104 101 46 53 0 30 
0 135 108 112 0 130 85 92 81 52 95 55 98 47 59 23 30 107 40 69 78 67 4 44 90 19 105 129 124 9 70 76 96 48 0 41 72 82 131 127 22 2 20 121 37 117 122 6 113 54 29 94 111 15 38 25 109 46 104 114 106 91 101 116 0 35 134 89 16 64 13 32 62 68 10 71 12 39 128 77 36 84 43 50 110 28 102 93 27 86 24 120 58 115 45 1 57 7 83 3 8 125 0 18 123 97 80 79 126 99 88 74 73 51 26 56 5 119 75 0 66 132 100 53 60 42 63 31 17 14 49 34 118 21 87 61 133 11 65 0 33 103 
0 76 57 8 40 69 30 112 13 66 70 102 62 33 80 0 105 9 22 115 99 48 109 131 46 89 29 114 124 90 47 81 74 14 0 41 0 43 59 55 129 1 88 15 108 134 27 85 122 61 78 16 126 35 125 110 2 31 94 107 73 67 83 20 0 10 93 72 111 117 18 32 24 44 26 45 7 87 86 116 121 58 34 64 50 113 127 98 12 118 101 92 42 68 0 79 5 38 75 97 84 123 39 21 60 135 91 53 130 71 11 37 106 49 65 25 96 23 77 120 17 132 0 95 63 6 100 3 36 103 4 56 52 82 133 51 119 28 54 104 128 19 
0 37 72 38 53 98 79 16 27 31 34 118 59 99 49 117 111 114 51 3 135 76 58 17 30 89 33 132 71 44 65 54 103 0 122 129 63 22 61 20 25 124 29 56 95 112 0 75 81 77 39 4 7 19 15 108 134 26 120 0 5 80 42 8 10 43 123 70 62 35 91 83 57 24 52 18 66 107 110 28 130 60 23 74 82 1 101 50 2 67 100 73 6 119 125 121 85 69 87 102 9 92 131 116 13 47 90 32 0 105 55 128 12 106 48 94 96 68 133 126 46 21 36 40 41 93 0 84 64 113 88 0 86 104 97 45 14 127 115 109 11 78 
0 126 103 39 75 117 10 12 127 67 60 55 5 56 51 102 106 129 2 104 22 29 0 131 48 86 89 132 130 68 54 88 107 84 35 93 24 46 118 18 11 16 0 28 20 21 8 87 74 73 49 116 85 30 90 47 134 79 66 59 108 133 61 99 78 110 113 123 19 94 0 0 92 36 112 65 80 122 50 9 1 34 33 109 25 124 58 119 71 125 64 91 81 57 13 52 27 7 135 105 4 0 32 120 0 83 100 3 121 37 114 41 53 17 95 23 72 40 43 6 70 14 31 76 38 26 128 77 101 82 115 98 97 45 69 63 111 42 44 96 15 62 
0 72 32 79 76 105 38 63 121 124 10 120 4 31 127 112 3 69 86 59 62 22 107 51 68 33 132 66 0 24 122 11 106 5 67 110 58 74 56 131 28 7 123 134 104 96 0 87 130 88 91 13 103 48 118 53 27 20 17 12 36 8 46 29 0 81 101 61 77 100 60 119 57 95 34 115 44 41 9 52 50 70 49 39 94 0 82 1 97 35 73 116 125 15 133 84 93 98 65 117 109 23 111 114 92 6 102 90 80 40 135 0 64 85 43 16 25 71 42 78 18 129 126 19 21 37 54 2 99 83 113 108 128 30 75 45 47 89 55 0 14 26 
0 77 125 47 17 74 117 35 102 100 72 3 97 95 67 71 108 54 131 76 25 0 0 24 65 38 62 2 16 78 18 31 32 110 120 39 13 104 12 30 113 63 36 58 122 49 111 96 15 92 28 126 98 81 69 114 135 37 107 85 101 48 11 33 42 86 119 40 55 128 123 45 89 121 5 41 105 14 27 44 82 133 19 116 52 115 10 51 80 112 6 106 1 83 75 59 53 22 103 129 66 29 23 60 94 134 70 109 26 0 124 20 0 0 127 4 7 73 34 43 68 90 87 130 56 21 84 93 46 61 64 57 50 0 88 118 8 91 79 99 132 9 
0 91 42 75 73 45 10 120 7 102 50 105 96 21 133 35 66 80 131 87 110 13 14 126 108 0 135 82 16 26 9 121 40 65 84 61 62 71 103 64 115 59 90 104 6 113 63 78 34 56 51 112 74 48 94 83 18 41 118 46 88 32 0 37 93 49 0 79 52 47 106 77 114 122 3 111 5 67 1 124 55 4 29 15 132 109 81 97 89 116 43 117 30 0 0 72 20 123 134 33 54 28 99 53 100 22 85 12 68 24 11 19 39 70 38 125 23 86 58 57 98 2 0 95 36 8 17 25 69 101 129 27 31 60 119 76 107 130 128 127 44 92 
0 61 3 74 37 79 119 27 65 128 18 42 32 132 26 113 115 63 58 12 17 75 104 14 33 118 62 64 78 72 76 127 7 59 124 21 43 67 100 0 57 45 130 99 120 52 109 69 73 126 71 54 4 56 129 34 39 102 89 24 10 84 131 85 15 103 47 36 40 111 22 38 0 51 41 83 49 0 9 46 122 95 97 133 110 8 28 114 135 60 121 87 19 44 53 6 0 0 116 81 94 108 13 25 16 86 29 23 93 123 70 31 1 98 50 134 105 48 107 0 77 106 30 20 90 55 35 2 96 125 11 91 92 101 88 68 117 112 66 5 80 82 
0 63 131 7 114 13 3 69 109 104 105 135 25 134 0 112 108 122 31 0 45 130 102 121 103 26 61 0 33 47 54 113 70 107 93 11 19 100 42 84 57 41 111 67 55 1 43 72 23 73 38 98 50 128 9 22 44 6 53 51 36 78 56 65 97 82 80 116 62 14 96 117 40 133 0 76 37 29 125 110 68 83 90 35 49 18 132 5 120 58 124 86 4 48 118 87 46 21 0 115 89 99 106 119 75 71 17 92 28 30 95 101 79 32 123 0 77 81 2 39 129 20 94 74 8 52 12 66 88 59 64 24 16 127 15 10 91 60 85 126 34 27 
0 42 135 40 69 55 2 74 56 0 92 72 133 125 97 109 32 34 123 13 128 110 0 129 38 64 18 70 19 51 132 50 15 113 37 6 60 82 10 94 7 20 119 84 17 62 5 22 14 130 0 3 71 98 99 75 48 66 30 29 116 39 44 112 117 89 93 105 88 73 134 36 127 1 68 59 67 78 76 47 49 103 107 102 87 43 57 63 81 53 23 104 126 0 27 28 9 16 101 31 54 35 52 8 33 0 58 121 12 122 80 79 118 95 77 11 114 24 83 86 26 111 21 96 65 4 25 131 106 115 0 61 91 124 108 45 41 120 100 90 46 85 
0 134 43 0 115 124 81 86 122 33 0 56 130 71 94 104 88 58 0 80 74 105 44 85 14 77 118 42 91 31 39 92 106 73 110 66 70 8 68 34 83 13 75 32 61 1 0 135 11 114 52 4 62 55 45 93 117 108 10 111 57 24 132 26 49 107 41 69 3 17 28 21 96 126 100 20 6 59 102 78 22 119 89 29 50 109 112 63 129 64 9 84 82 7 12 87 15 113 5 60 27 19 35 98 65 37 38 121 97 103 128 2 125 79 48 116 95 123 30 131 0 120 53 23 54 76 90 46 99 51 67 25 72 133 18 47 36 40 101 16 0 127 
0 45 59 83 0 114 98 44 18 60 124 90 14 2 99 102 74 0 71 94 120 49 26 13 109 30 131 35 88 53 16 52 80 41 7 67 135 110 57 51 79 106 91 77 64 33 29 50 117 92 81 122 108 86 24 78 82 107 40 20 130 103 56 0 5 4 87 123 42 66 127 38 134 113 101 73 65 125 46 15 0 76 25 54 62 95 72 0 132 36 6 70 8 105 69 68 126 104 55 31 75 23 19 119 47 34 100 97 133 10 96 17 27 0 129 118 12 39 89 22 121 115 116 84 11 32 111 128 85 93 21 43 48 63 28 112 61 9 1 58 37 3 
0 10 103 33 93 108 6 134 8 121 51 84 53 81 89 107 0 0 94 26 100 57 135 39 77 85 83 75 132 95 120 16 18 117 32 30 11 119 71 0 104 76 65 35 82 44 129 47 64 36 13 69 15 126 78 66 29 101 116 14 61 59 63 3 50 1 2 12 54 128 72 62 20 40 67 86 43 48 124 131 115 0 130 113 102 28 55 90 58 45 7 56 4 17 111 5 96 22 25 114 105 109 74 70 41 87 127 42 73 37 99 118 98 80 79 133 60 106 31 23 24 68 110 97 0 0 52 123 21 27 34 125 88 122 112 92 46 9 49 19 38 91 
0 86 59 38 124 102 125 46 18 56 88 32 66 115 74 2 22 97 37 126 0 121 110 42 11 26 89 27 73 67 49 91 9 120 130 57 41 6 105 118 103 96 34 72 53 29 54 76 127 71 85 43 101 0 61 45 52 117 19 113 94 25 98 90 16 12 4 119 23 62 39 95 48 84 21 108 78 44 116 132 0 60 69 14 134 24 33 87 15 20 131 77 64 129 104 51 13 5 83 35 80 70 17 7 99 65 58 0 107 109 55 111 79 28 123 93 47 81 36 50 0 82 92 112 68 31 3 133 135 122 40 0 114 75 8 100 30 63 10 106 128 1 
0 7 123 2 95 102 115 37 51 63 66 48 9 41 17 12 4 60 75 98 124 69 130 0 62 57 86 117 36 30 84 29 0 25 81 39 97 108 34 73 19 31 61 111 50 58 55 89 129 47 112 103 90 43 100 87 10 11 107 49 79 56 1 133 45 65 74 22 72 54 23 32 15 59 67 116 6 26 16 88 0 113 78 132 127 106 80 119 76 68 24 92 42 38 46 121 53 0 109 114 105 35 0 13 125 85 5 40 3 118 104 83 91 77 21 14 134 71 94 93 128 18 96 64 28 33 120 0 122 20 131 70 52 99 44 27 8 101 135 126 82 110 
0 34 87 19 102 55 99 113 11 77 0 125 106 0 124 86 5 33 20 70 7 48 108 69 95 83 52 15 63 72 50 36 92 57 37 65 123 58 121 135 62 42 1 133 134 81 16 84 119 76 54 0 25 118 101 8 0 44 130 13 64 129 110 73 122 71 23 85 30 89 80 41 120 103 109 114 2 74 68 104 116 24 132 56 27 32 4 90 22 17 12 66 3 67 93 111 38 100 107 60 59 97 0 10 91 88 79 47 28 49 115 78 43 6 9 82 105 31 39 128 94 117 14 126 0 96 21 127 46 29 131 35 98 45 26 53 75 18 40 61 51 112 
0 45 124 126 56 17 39 119 118 106 69 73 123 22 49 135 40 55 103 87 15 3 47 67 24 0 63 75 0 105 32 59 84 131 96 16 35 121 60 70 0 80 57 44 48 20 120 37 99 21 12 13 54 36 38 82 91 51 81 108 34 0 94 88 101 115 128 30 62 11 116 4 93 0 0 43 78 109 127 79 18 129 85 28 71 76 122 2 19 95 113 97 74 9 130 117 100 27 33 65 133 6 41 23 86 7 107 61 5 90 14 26 46 25 89 1 8 50 98 92 10 58 134 53 31 29 72 104 110 111 114 112 64 52 102 42 68 66 132 125 77 83 
0 126 78 49 12 133 65 18 45 74 102 0 99 64 88 6 87 115 43 48 96 77 119 121 61 5 69 37 83 71 66 103 130 122 33 131 104 26 128 118 53 32 58 84 117 17 76 30 44 38 0 105 29 20 134 35 108 50 34 107 13 21 25 16 125 112 67 95 52 101 62 1 109 60 80 92 94 23 72 86 46 24 10 0 73 100 59 89 3 82 2 116 11 14 28 54 27 0 110 111 124 114 42 98 68 0 0 97 135 91 75 132 70 51 120 90 79 19 9 31 47 36 22 129 127 55 41 57 93 7 63 39 56 81 85 4 8 113 106 15 123 40 
0 59 12 0 95 66 87 39 86 80 102 77 85 82 124 83 52 47 60 44 62 10 38 74 122 50 17 27 84 51 21 0 32 53 0 91 35 67 19 34 63 105 76 107 30 6 121 131 108 106 97 114 68 113 9 115 73 18 41 20 49 132 2 8 78 13 14 134 104 135 31 92 69 1 120 15 93 26 103 11 36 0 54 40 57 29 133 3 42 117 25 70 88 58 81 61 129 89 130 112 24 22 0 4 100 0 119 55 126 109 64 37 128 125 118 72 23 46 79 96 28 7 43 16 98 123 5 56 65 48 99 75 110 127 94 90 111 33 45 101 116 71 
0 48 81 101 65 87 10 0 51 46 89 60 117 58 7 36 44 99 119 126 118 40 9 84 96 25 57 50 122 112 111 31 47 35 1 38 108 26 121 49 91 63 53 127 72 18 22 11 13 76 133 16 80 0 0 56 97 39 0 55 88 100 41 8 4 94 19 3 12 0 74 135 83 132 115 52 77 43 107 6 27 103 134 64 113 93 28 86 130 42 125 24 79 95 128 45 106 92 23 71 70 131 67 2 114 20 69 109 105 5 110 116 66 85 124 17 37 90 73 123 59 104 54 98 68 33 0 78 29 129 82 30 61 21 62 75 102 120 34 14 32 15 
0 65 8 71 103 43 116 6 58 115 27 112 22 11 7 114 84 0 105 88 61 82 76 106 119 70 132 44 79 117 18 104 51 24 40 16 15 94 83 125 102 63 69 56 50 38 80 0 0 19 5 64 33 129 111 124 0 1 133 31 21 121 95 67 37 47 126 72 128 49 12 87 35 90 91 96 110 39 86 120 41 77 66 2 92 97 59 109 30 118 101 53 34 123 42 45 135 113 17 13 26 29 93 9 48 46 89 74 73 54 98 25 28 130 100 20 57 78 108 52 122 32 131 23 107 14 127 55 4 60 81 0 3 75 0 99 10 134 68 62 85 36 
0 130 67 97 27 13 2 28 3 0 35 0 16 120 34 124 65 68 125 110 39 18 25 104 83 66 38 127 75 133 51 9 81 129 72 118 6 20 17 88 48 64 112 1 8 45 107 131 102 80 117 94 82 52 23 50 53 96 128 7 61 59 43 78 132 79 12 49 36 106 92 70 87 77 44 100 54 85 101 60 90 89 116 40 126 119 14 4 15 58 22 37 108 74 76 0 46 31 62 24 41 134 55 113 29 42 5 0 98 63 56 73 135 11 115 10 105 114 111 0 123 84 32 71 33 30 122 103 121 21 0 86 69 19 95 91 99 47 57 93 109 26 
0 93 115 124 95 99 53 2 108 5 100 98 31 0 105 123 14 64 127 40 90 89 10 88 122 51 66 21 25 19 62 54 36 0 74 0 133 49 0 35 24 107 70 4 118 72 27 43 86 135 32 83 129 17 0 106 75 38 26 33 57 111 79 81 16 69 120 78 45 109 134 12 13 114 128 92 6 48 15 87 94 67 46 71 91 73 23 22 56 116 119 97 131 80 110 68 59 58 96 126 132 60 77 63 102 61 39 52 34 113 29 1 44 37 30 55 18 28 112 42 50 82 8 7 47 84 9 41 20 101 121 0 3 11 125 65 85 104 103 76 130 117 
0 100 29 21 28 42 125 124 46 120 56 126 41 52 112 48 44 128 63 26 8 130 9 113 109 101 55 35 61 90 58 67 53 97 31 102 24 69 111 45 39 64 122 79 134 51 17 127 82 73 32 30 33 62 10 60 37 27 103 65 59 110 1 86 22 93 85 0 7 123 16 105 0 132 107 83 6 80 116 131 77 0 70 0 23 71 54 91 81 40 14 72 0 108 4 76 3 135 15 0 104 89 47 68 129 2 84 99 117 118 57 75 13 92 88 43 95 94 106 74 20 38 133 66 11 18 114 78 115 96 12 49 19 50 5 25 119 121 87 34 36 98 
0 128 35 77 40 14 110 129 72 33 1 78 24 124 38 15 100 57 61 34 74 83 52 97 91 118 8 115 102 80 0 31 6 122 68 48 0 9 20 112 64 26 120 0 65 49 55 104 113 106 7 116 37 93 131 56 0 39 85 51 32 50 90 133 117 42 58 84 45 94 36 92 2 18 12 99 11 81 60 3 13 75 79 16 109 87 135 71 95 30 17 23 123 4 126 0 132 53 59 103 54 121 73 0 5 108 101 27 76 25 98 82 107 134 111 66 125 70 44 46 19 89 86 29 28 67 69 105 10 130 47 119 88 62 114 21 41 96 43 127 22 63 
0 0 104 69 88 94 0 56 108 68 53 86 122 115 59 39 21 92 109 75 98 130 36 100 76 118 55 5 90 129 133 96 83 62 31 11 0 13 45 128 52 8 127 33 107 50 12 113 80 49 102 43 117 79 10 60 95 0 114 15 28 40 34 81 99 48 106 78 32 67 20 29 22 26 111 19 65 17 42 1 73 84 123 25 9 71 87 63 24 97 103 85 72 121 91 134 77 4 101 132 125 38 93 37 112 64 44 70 27 89 46 74 35 6 82 0 0 105 18 61 135 14 110 116 126 41 30 7 23 16 2 3 131 51 58 124 66 119 47 57 120 54 
0 35 63 66 109 76 103 30 37 8 0 23 92 87 12 118 0 86 123 97 94 129 52 102 15 101 14 11 119 42 88 31 40 96 60 131 91 44 77 45 17 93 128 120 27 127 19 68 110 105 67 90 0 64 34 106 108 0 0 130 28 59 54 73 115 111 43 4 5 7 72 75 55 71 9 89 125 57 112 98 24 124 32 58 47 13 18 51 78 62 33 81 20 114 82 21 134 74 117 122 83 2 116 22 79 85 29 84 46 107 133 26 16 132 0 1 38 56 126 70 113 10 99 49 100 104 3 80 50 48 36 25 95 65 41 135 121 53 39 61 6 69 
0 118 102 33 27 80 78 23 114 121 133 65 122 13 103 45 128 0 95 91 126 134 94 90 11 69 120 3 106 88 34 87 100 115 42 86 35 113 64 0 40 49 43 63 54 98 0 81 0 85 24 108 39 16 53 97 0 66 111 57 93 104 12 125 9 60 67 129 44 20 127 59 10 50 25 37 124 109 92 21 135 15 76 0 73 77 51 72 101 70 107 75 132 14 130 123 48 22 36 61 89 28 52 74 62 119 2 96 105 5 56 46 117 68 8 47 19 83 30 55 32 58 4 71 26 29 31 99 110 84 6 112 82 131 41 116 38 7 1 18 79 17 
0 80 87 28 130 115 18 0 6 114 0 56 113 118 96 9 3 124 65 44 13 52 20 0 84 121 38 55 31 16 78 127 10 107 14 131 132 77 76 62 69 5 120 70 30 92 119 99 75 42 105 86 67 93 50 61 83 58 59 4 116 24 66 129 71 7 0 72 12 11 104 17 122 101 37 53 49 117 0 134 1 40 109 97 41 63 35 33 123 60 0 81 29 32 73 106 91 125 23 36 19 74 95 112 90 85 126 103 15 46 102 25 135 39 100 48 47 51 22 89 57 108 54 98 21 43 110 111 94 27 45 68 79 133 34 64 82 8 88 26 2 128 
0 29 98 33 89 27 105 88 20 58 39 108 45 49 110 95 127 135 66 0 0 125 22 35 16 121 21 8 90 113 64 36 120 116 4 30 53 114 63 106 74 76 0 134 48 99 65 87 24 12 26 91 94 111 0 86 7 107 78 118 130 32 60 109 19 67 119 68 11 117 92 84 51 47 133 62 38 31 97 128 0 15 1 44 102 80 5 50 56 132 122 54 46 14 0 96 43 124 59 75 69 93 13 85 18 28 77 71 70 3 55 103 126 6 40 73 23 42 129 61 41 112 52 79 10 72 101 100 131 123 34 104 37 17 25 83 81 82 57 115 2 9 
0 55 121 110 82 13 19 69 10 113 8 26 47 85 96 89 125 2 0 115 92 77 117 75 71 6 130 133 64 0 52 65 62 67 102 124 118 76 56 22 14 134 60 119 16 100 0 59 128 44 40 36 3 73 88 0 87 80 25 42 132 17 122 79 4 20 35 54 107 41 53 74 30 94 9 29 45 50 108 15 120 129 5 93 90 91 83 0 104 135 33 86 126 63 0 116 39 27 123 49 78 127 24 84 43 1 34 38 7 51 28 109 103 111 48 57 21 98 97 12 37 31 46 131 66 112 72 23 18 101 61 11 95 114 58 99 32 70 68 81 106 105 
0 66 130 22 15 78 56 12 103 37 10 75 25 124 24 33 39 55 132 3 133 69 44 92 94 28 84 87 47 104 41 116 121 118 105 23 101 111 82 51 128 14 67 65 122 26 73 126 79 30 0 64 54 34 129 70 43 113 21 74 0 77 80 98 114 97 135 0 4 89 20 9 107 0 112 115 106 119 58 110 123 50 76 29 91 90 18 6 125 68 38 127 102 7 88 27 134 96 8 16 45 1 131 63 42 0 17 83 46 117 72 5 11 93 52 108 57 95 86 62 81 60 0 71 61 48 19 59 99 100 2 109 40 49 120 36 85 53 31 35 32 13 
0 56 87 115 45 110 10 43 90 101 62 32 71 92 0 107 64 135 131 74 13 106 22 95 33 2 29 81 72 70 15 52 11 0 66 51 35 4 99 100 82 77 7 5 120 0 16 24 58 79 31 94 97 1 23 69 89 0 57 37 55 73 105 18 63 98 48 49 88 38 83 54 28 116 124 39 60 14 34 96 122 40 42 21 67 134 3 103 36 118 12 123 127 93 41 125 104 108 78 129 113 85 102 112 91 65 111 86 6 8 0 44 19 117 132 25 126 119 76 128 9 114 59 133 121 84 130 0 109 26 47 75 27 30 68 17 20 80 61 50 46 53 
0 129 30 67 62 3 39 41 119 65 130 128 122 12 19 109 31 61 17 83 81 86 1 76 94 82 50 121 35 88 46 53 113 107 18 118 68 0 42 33 100 90 24 80 63 20 0 40 22 49 0 4 106 26 97 69 21 9 0 6 38 37 11 51 45 135 47 0 43 117 34 111 120 72 108 55 84 74 89 0 8 5 87 70 2 132 103 112 126 71 58 57 133 127 10 115 110 52 77 79 25 85 14 66 56 92 13 7 104 96 114 99 134 28 131 124 29 64 78 27 23 91 36 105 116 73 93 75 102 48 60 101 54 98 15 125 59 44 95 123 16 32 
0 82 49 22 60 114 75 103 32 92 2 6 0 86 91 125 58 130 112 113 59 81 131 40 71 79 108 68 39 56 27 18 73 70 62 107 16 35 87 106 17 29 53 77 25 134 118 44 129 46 38 117 21 14 45 66 115 42 89 122 8 15 37 99 128 65 100 132 0 104 85 80 74 55 30 50 93 127 24 5 11 78 124 28 1 109 72 110 52 76 36 26 54 69 43 121 23 84 63 51 135 83 94 119 33 0 20 126 34 101 90 48 0 12 57 7 116 19 97 105 0 111 9 10 67 47 64 4 61 98 41 31 96 0 133 13 102 88 3 95 123 120 
0 68 109 70 49 94 89 82 8 118 0 86 108 133 37 12 81 85 19 21 67 39 2 134 41 17 101 40 57 128 36 78 125 0 84 35 115 121 106 97 55 56 62 111 127 88 0 20 80 75 90 42 92 15 10 123 87 95 44 65 71 64 124 46 54 29 73 107 103 98 7 50 122 91 43 131 126 104 119 96 53 18 66 22 99 132 114 60 33 5 38 69 112 61 0 11 23 6 48 0 4 110 1 76 30 32 59 117 102 24 79 31 0 28 16 52 45 105 25 26 3 72 113 129 100 74 63 47 14 116 27 34 120 135 51 130 13 58 77 93 9 83 
0 88 0 111 30 100 42 0 109 82 130 17 83 105 61 97 45 126 59 124 101 87 27 36 44 94 28 37 26 18 48 35 102 47 32 57 113 20 5 14 54 39 63 86 104 10 123 95 13 41 50 135 121 115 78 64 74 25 92 93 134 52 65 12 81 112 11 53 2 60 0 49 55 122 75 4 66 114 125 85 96 79 76 0 103 77 128 69 84 46 3 68 0 24 73 8 15 33 120 127 91 131 22 31 62 23 107 119 116 38 118 72 133 67 117 9 58 6 7 19 16 80 90 34 0 89 70 99 21 56 43 129 98 132 110 108 51 1 40 106 71 29 
0 5 97 65 88 96 1 73 109 70 23 22 59 90 95 119 81 21 28 20 134 92 118 19 77 79 72 135 48 0 107 68 3 30 45 58 124 114 99 29 94 52 36 0 121 33 15 62 129 66 12 32 63 93 61 117 26 47 130 27 39 17 108 14 0 37 78 82 110 76 112 24 101 131 80 34 87 42 38 6 111 116 98 89 10 106 25 9 50 67 84 53 11 102 91 4 40 44 120 104 18 7 128 74 2 51 100 115 49 43 55 69 113 123 86 35 46 85 83 0 71 56 54 132 0 0 75 60 16 8 126 57 31 127 64 13 125 122 133 105 103 41 
0 111 0 80 36 37 41 71 9 44 133 85 102 63 89 92 108 129 123 118 53 65 23 2 77 62 69 87 98 126 128 49 34 25 40 79 109 0 74 67 15 24 46 70 22 17 0 7 112 119 106 94 100 52 13 33 96 125 99 104 101 6 132 117 32 55 16 1 19 114 35 95 28 57 116 56 64 76 3 0 51 29 42 122 38 72 26 50 8 54 115 59 12 110 0 93 60 61 130 68 83 73 48 11 10 103 20 105 97 124 75 4 113 78 30 82 86 31 45 88 81 39 120 14 135 134 21 127 0 58 43 66 47 5 90 84 131 107 91 27 121 18 
0 25 75 44 83 0 127 113 130 5 37 51 0 60 68 80 54 89 62 65 22 131 112 3 29 0 43 134 31 101 8 18 61 7 77 126 125 4 135 66 21 103 99 102 11 132 121 118 9 57 78 82 109 91 73 90 38 0 106 117 35 71 76 20 70 30 95 84 104 24 63 92 49 6 16 47 122 46 17 0 55 108 32 96 133 50 52 116 87 107 94 41 28 1 111 45 128 48 120 13 39 114 14 34 129 74 64 23 59 86 72 115 79 56 110 53 0 12 10 67 124 105 123 119 97 27 81 85 36 58 26 98 100 15 40 93 88 33 2 69 19 42 
0 131 16 103 15 46 66 11 123 31 14 94 118 109 48 44 55 63 98 4 78 112 134 84 111 87 90 37 6 38 25 20 72 40 30 97 93 77 114 107 28 92 50 3 126 49 7 75 116 0 68 12 89 65 135 52 0 115 108 86 43 47 67 0 101 74 54 34 73 22 132 53 0 64 120 88 24 95 57 59 33 125 27 76 51 21 41 106 105 80 60 85 23 122 36 110 82 130 13 0 18 70 104 29 128 42 35 69 8 0 1 19 121 56 127 10 26 32 58 96 133 91 71 99 119 83 81 102 124 79 62 39 17 2 9 113 45 117 100 5 129 61 
0 16 0 106 81 61 33 41 3 91 76 77 57 99 101 47 31 68 66 95 129 116 54 132 46 75 0 69 0 11 117 4 110 124 10 87 103 0 85 86 52 130 35 5 23 71 73 113 53 131 118 109 32 98 28 12 78 111 19 18 89 94 120 114 119 115 55 6 38 45 90 29 63 8 0 108 102 105 0 14 79 134 50 1 88 17 122 121 67 22 58 43 133 84 20 74 51 125 34 7 93 123 30 60 65 64 37 128 127 40 56 72 49 25 15 112 100 36 126 135 48 70 92 97 107 24 2 13 59 80 39 42 21 27 9 96 82 62 104 44 83 26 
0 119 33 75 38 100 16 118 22 82 23 86 127 0 112 2 122 1 55 61 116 35 87 19 28 135 43 15 69 34 101 74 88 3 105 20 49 80 98 63 96 72 91 130 0 67 0 6 26 24 39 65 57 0 106 56 77 10 121 68 78 134 102 59 94 115 47 89 8 62 9 40 60 83 51 132 90 104 79 113 52 37 58 13 110 0 44 124 131 71 41 54 4 30 32 85 120 27 99 21 93 129 46 97 107 111 114 12 125 92 31 84 25 0 73 17 18 103 81 76 5 64 117 42 29 66 48 108 36 45 109 7 126 95 50 53 133 128 123 14 70 11 
0 123 99 74 125 90 48 87 69 57 13 9 54 83 0 118 129 113 18 0 33 81 38 59 80 111 20 75 78 39 2 94 26 32 27 50 115 6 131 105 0 58 36 7 102 116 86 62 89 96 134 23 124 98 85 43 0 108 16 44 79 92 84 1 65 128 119 40 63 120 77 82 106 10 4 93 88 17 37 51 60 55 52 133 15 110 41 21 103 64 70 0 121 122 14 72 28 95 42 29 126 35 66 19 53 135 5 76 71 34 0 67 130 91 31 109 49 101 100 24 47 12 97 104 61 46 8 114 107 68 25 132 56 73 117 22 11 3 45 30 112 127 
0 72 22 52 17 109 88 42 131 45 112 115 84 58 0 120 14 35 62 9 127 4 59 101 129 23 74 41 107 60 123 51 38 134 31 46 98 25 27 85 105 49 30 47 63 65 80 43 91 89 135 76 24 2 78 55 0 122 0 18 111 32 61 68 50 90 100 34 75 11 37 29 83 39 54 26 19 116 10 104 95 16 94 110 86 133 93 36 70 124 117 106 66 20 92 44 69 125 7 48 97 128 40 103 87 132 33 77 1 71 118 126 119 57 113 108 99 53 82 0 5 114 3 0 130 81 15 28 64 12 102 6 0 67 21 8 121 56 13 79 73 96 
0 0 93 122 111 81 5 129 92 96 29 38 32 40 48 34 85 24 135 7 63 9 91 112 123 130 64 71 45 90 78 28 107 46 47 1 108 0 117 6 67 12 110 26 120 18 82 114 20 61 119 109 100 131 70 41 17 0 2 43 65 115 62 15 21 104 84 103 106 132 0 102 113 94 66 13 116 31 11 33 51 59 72 52 128 27 3 88 16 14 37 97 105 30 42 74 68 121 125 60 83 10 99 25 118 79 69 133 23 50 56 98 134 127 0 53 55 39 58 4 80 76 22 49 57 35 126 19 89 36 86 87 73 101 44 124 8 75 95 0 54 77 
0 0 112 77 59 12 16 60 20 88 42 39 87 44 100 32 48 95 107 58 92 111 15 90 40 85 134 51 66 125 93 123 132 69 9 0 101 96 79 73 78 122 103 104 21 43 24 56 81 38 49 80 74 71 8 97 0 127 126 65 57 6 1 72 82 99 133 121 105 14 70 62 75 25 117 115 0 36 28 5 30 91 10 113 102 23 83 45 0 131 89 35 55 128 47 119 29 37 84 67 34 52 110 64 86 68 124 53 17 114 109 41 61 130 31 120 108 27 11 76 129 98 106 4 22 26 3 0 54 46 50 94 116 63 118 18 135 13 7 33 19 2 
0 39 124 3 80 60 58 131 123 107 78 4 14 20 17 122 91 47 35 12 114 108 38 8 22 94 69 90 103 97 34 77 133 0 45 48 11 70 118 102 0 15 23 96 86 126 99 49 61 53 50 73 40 0 113 30 66 59 25 0 33 135 36 117 101 85 100 82 75 54 28 10 27 46 127 9 87 98 41 16 116 115 63 55 92 52 81 0 18 130 119 2 110 71 37 6 51 128 64 29 95 21 43 125 111 57 0 79 105 121 1 83 89 132 42 109 56 44 65 31 32 84 26 68 112 106 5 72 76 134 24 93 120 74 104 62 19 129 7 13 67 88 
0 29 119 8 95 17 30 84 24 65 5 53 48 127 87 111 121 99 66 68 20 106 76 122 91 129 125 98 90 31 35 6 93 42 13 101 9 92 0 16 77 52 0 51 0 108 96 105 80 86 56 71 133 14 33 126 21 54 132 100 28 75 0 46 114 32 67 79 83 4 19 103 134 130 15 128 82 110 63 45 112 70 123 94 2 44 50 34 18 36 43 25 55 85 59 109 72 113 11 12 41 102 69 47 38 61 62 3 116 88 40 57 118 23 37 89 124 97 131 7 39 60 22 0 74 10 81 58 107 78 73 26 64 104 135 1 49 27 120 115 0 117 
0 130 26 11 17 135 80 106 41 18 21 118 37 46 65 89 59 81 0 9 27 77 125 23 2 0 35 44 16 63 45 97 128 10 38 57 66 105 4 116 88 100 51 87 29 6 48 84 126 129 54 0 73 122 70 0 30 8 5 123 7 31 119 120 132 101 3 36 15 72 112 28 104 32 107 34 76 60 61 90 99 40 124 49 71 134 110 82 69 95 102 108 53 64 127 12 24 113 133 96 67 85 91 114 0 20 22 13 98 43 14 83 74 78 93 131 103 55 94 0 39 47 79 50 33 68 56 19 121 52 115 1 86 58 111 109 75 62 25 92 117 42 
0 18 107 104 13 58 32 51 29 0 86 115 69 65 131 103 76 48 55 79 110 15 64 116 99 88 35 22 16 10 120 125 43 39 77 70 0 95 126 62 122 6 24 44 92 81 2 90 82 36 117 106 83 30 119 53 40 34 61 11 45 0 118 113 12 27 25 47 7 63 102 97 84 98 129 105 59 50 112 3 42 108 68 100 37 41 0 128 75 91 4 111 135 0 101 93 0 96 17 14 26 134 121 94 28 80 127 85 19 57 52 23 8 78 5 87 73 38 1 31 114 74 20 54 133 56 109 71 124 60 21 66 72 130 46 49 132 9 67 89 123 33 
0 86 114 81 88 103 0 120 40 25 62 35 113 21 0 54 118 38 36 102 23 22 45 124 0 79 5 30 16 132 110 130 68 57 91 61 90 13 0 31 8 3 58 112 39 106 50 75 127 73 34 6 52 92 19 126 27 104 10 85 100 24 121 105 89 115 9 97 116 96 82 101 119 95 80 94 134 133 69 0 7 49 117 43 12 99 93 44 125 20 41 37 123 47 60 1 33 98 70 129 84 131 128 56 64 0 18 14 55 48 4 72 53 17 63 83 78 66 77 109 122 71 26 67 11 135 46 111 28 2 107 51 74 76 42 59 29 15 108 87 65 32 
0 128 2 39 119 23 7 65 50 21 43 72 90 3 73 127 6 84 98 4 108 97 132 67 32 40 45 81 18 52 9 57 135 63 41 29 105 120 126 125 111 123 113 44 53 109 85 0 8 28 107 94 75 0 38 82 17 88 64 92 12 61 59 110 87 95 42 14 71 55 27 115 131 11 19 134 116 24 83 86 68 31 100 35 60 106 46 101 0 0 48 79 51 54 129 15 104 112 91 13 122 93 37 30 89 70 49 103 117 56 124 118 78 133 114 26 99 5 69 25 22 33 66 80 58 47 0 121 36 74 10 34 1 16 62 20 96 130 0 77 76 102 
0 15 4 16 34 127 24 42 120 10 52 69 0 91 32 126 90 21 44 81 76 28 73 71 134 124 132 72 50 31 117 33 135 57 85 18 89 5 82 121 22 108 105 20 122 60 27 11 46 128 64 78 54 115 48 102 35 118 97 55 56 0 12 80 83 130 79 29 2 17 43 40 41 19 9 109 67 116 93 94 104 39 98 113 0 99 96 75 0 61 23 114 123 86 26 1 25 58 101 38 36 6 47 119 103 0 110 106 68 84 100 49 133 51 88 70 62 7 77 37 111 0 87 63 131 95 8 30 14 74 45 66 125 3 65 92 59 112 13 129 53 107 
0 13 94 130 75 118 27 47 76 92 135 14 36 25 10 128 81 77 0 35 67 66 70 63 53 121 69 6 15 65 8 0 99 55 129 126 46 74 71 33 103 80 93 22 111 17 59 44 73 16 49 31 87 124 117 100 95 64 98 0 91 20 85 0 58 125 78 79 90 127 29 48 133 97 28 39 1 12 41 86 104 34 19 43 54 106 120 21 32 83 119 5 110 89 24 82 52 11 38 51 7 88 107 2 62 122 37 50 4 23 105 114 72 61 18 68 131 60 96 101 56 112 109 115 3 45 108 134 84 123 116 30 40 0 0 26 102 132 57 42 113 9 
0 125 107 40 76 11 113 79 96 37 84 112 134 33 122 130 124 0 2 75 91 105 72 0 63 100 67 26 116 32 110 83 39 36 23 77 97 34 121 101 12 19 52 53 5 18 94 93 51 42 87 9 104 90 69 15 8 64 4 98 108 10 62 55 30 102 28 65 31 41 16 7 71 88 50 95 22 59 29 70 81 61 132 0 3 73 114 92 24 45 25 0 123 49 46 128 6 111 117 35 115 56 0 120 13 118 47 60 58 21 86 135 85 129 127 48 66 27 20 14 80 43 78 54 133 119 44 82 99 106 103 17 109 1 74 126 131 68 57 0 38 89 
0 135 57 92 32 55 71 90 84 64 103 28 7 116 40 45 38 66 23 41 105 73 127 106 110 128 59 93 85 121 11 107 98 125 77 1 75 117 97 86 114 123 76 99 81 104 53 62 119 22 16 83 79 0 69 118 44 31 94 70 126 63 49 0 18 124 95 26 68 65 130 133 13 100 2 39 96 37 48 61 91 12 27 60 111 36 34 50 80 24 58 10 47 134 0 108 3 120 131 0 17 72 0 21 78 54 88 109 52 5 132 25 113 0 67 33 8 42 56 15 51 89 122 43 6 82 74 19 30 129 102 14 29 112 87 115 101 35 20 9 46 4 
0 93 129 11 84 131 37 1 74 112 64 127 22 111 103 54 85 83 36 20 26 14 130 105 0 90 108 9 13 73 29 101 51 78 82 34 5 126 40 102 62 48 43 86 31 63 28 32 116 125 104 0 97 68 89 115 72 4 99 96 120 92 57 122 35 21 76 98 33 66 132 17 135 38 114 124 95 75 100 45 69 50 0 106 10 24 119 30 91 80 18 16 27 44 71 6 107 134 42 121 19 128 88 65 110 133 12 3 94 60 61 49 87 113 15 8 77 70 118 79 0 2 55 47 56 0 67 109 117 39 46 58 123 41 53 52 81 0 25 7 23 59 
0 77 45 46 97 48 0 123 129 87 120 36 11 112 75 60 98 88 92 73 119 114 108 26 106 21 49 113 5 43 54 122 107 110 72 70 65 25 124 34 79 115 105 47 19 53 58 55 99 102 127 38 95 52 13 64 89 17 66 83 128 2 24 31 103 93 28 61 63 30 132 84 71 91 41 67 62 35 74 44 15 76 96 118 109 10 121 68 3 0 116 82 101 16 14 50 57 0 18 59 29 0 90 40 78 125 12 117 69 1 134 7 86 33 94 20 104 126 135 81 4 37 80 23 22 39 85 27 8 9 111 42 130 56 51 6 131 0 32 133 100 0 
0 60 46 65 51 91 73 48 106 43 109 78 27 34 19 79 3 14 52 11 39 13 96 59 128 7 85 33 117 10 58 115 41 6 0 90 63 104 38 68 127 64 4 50 31 114 0 0 9 100 67 101 121 40 111 123 2 94 44 125 77 118 122 20 26 124 5 92 74 0 119 89 98 88 23 29 0 25 135 76 129 62 8 16 71 102 108 15 84 53 37 54 55 28 61 49 57 22 12 112 42 131 47 70 45 110 82 32 56 113 133 80 17 97 95 1 81 30 93 105 83 130 21 75 66 132 134 120 107 99 69 116 103 72 35 87 0 18 86 36 24 126 
0 22 82 21 87 118 23 47 3 126 117 33 123 69 92 135 34 17 0 112 12 102 105 0 53 85 72 115 51 49 57 75 93 0 109 77 66 65 27 91 79 24 48 56 25 10 119 32 2 26 8 106 44 0 76 127 67 94 99 46 111 28 110 29 41 45 101 42 19 134 113 88 128 4 133 71 31 132 97 84 74 9 14 63 16 52 62 108 130 15 120 68 18 55 83 50 6 39 89 5 1 58 54 100 114 64 116 36 107 103 80 125 98 81 11 124 96 86 131 0 73 95 13 30 104 0 121 129 35 7 20 37 60 78 70 38 90 43 40 122 59 61 
0 28 132 1 113 25 37 24 115 77 62 104 74 131 51 63 83 107 78 43 5 34 59 90 111 50 109 72 87 55 86 117 120 58 26 3 80 100 124 134 31 95 66 21 19 93 128 4 40 32 38 30 29 114 129 45 53 135 20 118 6 11 35 14 98 60 125 84 106 57 16 92 0 119 0 0 133 22 75 103 122 65 33 23 127 8 79 0 7 13 85 61 0 108 102 9 76 99 73 68 41 39 130 71 18 52 27 101 67 36 15 17 89 48 82 46 0 91 12 54 88 42 2 97 121 70 44 112 126 69 105 10 64 49 56 47 96 110 116 81 123 94 
0 11 134 130 128 103 89 62 108 50 30 38 3 37 36 39 0 69 81 125 118 135 116 29 105 85 79 86 0 61 10 101 4 51 96 102 112 74 109 48 14 25 26 67 97 122 95 113 45 57 127 66 80 21 88 92 54 60 131 12 2 0 24 5 55 53 119 104 115 114 47 41 52 100 106 117 42 94 13 93 40 63 98 120 59 73 56 31 43 121 49 35 82 32 83 72 27 123 8 70 71 7 110 75 107 1 33 23 126 16 111 6 87 78 18 34 84 9 133 90 68 99 58 76 19 46 22 65 64 0 91 44 20 124 0 28 129 0 15 17 77 132 
0 110 16 30 130 48 0 31 127 41 91 43 67 18 83 73 128 68 69 36 0 12 90 13 5 105 9 21 0 132 82 17 107 54 75 20 2 103 97 0 52 0 80 63 6 100 78 66 10 77 39 50 19 81 134 98 102 96 126 122 117 15 116 86 114 65 61 51 60 76 11 8 25 123 85 84 40 57 108 95 119 104 34 56 71 58 3 62 42 115 55 27 26 125 101 45 106 120 59 0 28 44 29 92 113 32 46 118 93 22 112 89 35 38 23 64 135 4 88 33 129 24 49 74 109 79 133 87 14 94 121 124 131 99 72 70 111 1 47 7 37 53 
0 38 88 35 49 71 120 106 81 53 59 12 6 80 122 28 32 43 135 127 55 91 123 78 111 33 72 0 31 27 63 126 108 109 105 17 119 134 0 51 66 113 104 0 85 2 29 48 5 50 23 74 98 76 26 25 56 54 47 39 96 11 125 18 61 84 70 37 41 36 107 0 8 128 112 62 101 97 89 0 30 46 44 82 34 16 115 114 124 24 75 116 42 130 65 129 87 121 79 45 95 92 13 132 64 99 1 93 67 20 117 90 15 103 83 68 10 22 94 21 86 100 14 77 0 133 40 19 58 9 118 57 110 7 102 3 4 52 73 69 60 131 
0 90 2 88 63 43 135 110 33 104 7 36 85 130 91 112 47 95 0 118 129 61 55 49 20 64 58 14 56 75 0 57 113 11 50 106 107 99 126 115 59 103 60 98 48 42 96 22 6 87 132 37 0 10 39 94 70 124 97 121 116 66 108 69 111 53 74 81 54 86 89 21 134 72 125 4 117 131 105 8 77 35 38 52 128 3 16 101 12 23 67 119 25 27 1 0 73 92 44 127 68 82 46 51 0 34 0 62 26 114 133 15 65 17 9 18 45 29 28 5 109 123 76 122 83 100 41 80 79 78 71 120 32 13 19 93 40 30 24 31 84 102 
0 12 34 124 85 21 103 33 0 84 65 80 69 28 37 53 18 126 60 45 23 110 39 119 15 125 27 118 109 83 61 4 56 123 5 52 46 9 59 74 108 102 131 19 68 31 104 78 105 11 101 41 30 0 0 43 97 36 114 10 29 64 20 81 128 58 93 100 111 127 86 63 49 17 2 117 47 26 87 0 48 55 99 90 79 98 67 14 51 89 0 132 122 130 71 77 42 92 40 66 6 107 54 7 82 75 95 22 32 133 88 76 70 106 113 72 134 73 8 1 24 120 57 112 115 3 91 116 44 96 38 62 13 135 94 25 16 50 0 35 121 129 
0 116 50 122 31 58 127 126 98 90 87 3 80 110 102 120 69 0 42 117 62 76 107 43 53 112 20 67 104 108 8 74 79 133 125 0 65 100 6 95 115 38 111 83 11 22 63 35 28 10 47 124 64 0 40 71 2 103 21 0 123 118 99 57 85 44 46 84 30 61 45 93 59 19 82 66 17 68 39 36 109 24 32 5 16 51 48 1 41 52 106 34 77 135 55 134 78 101 97 114 113 37 129 119 130 73 29 92 18 7 23 132 75 86 13 33 9 91 131 81 0 15 56 60 0 72 70 12 49 121 26 4 94 54 105 25 14 27 89 128 88 96 
0 135 4 62 84 80 0 42 103 27 35 61 18 22 10 38 41 0 129 119 95 128 122 25 59 9 118 70 54 102 29 23 89 120 21 134 130 87 24 100 107 101 82 47 68 85 79 99 0 40 113 96 31 32 12 78 43 3 0 7 14 64 53 108 76 105 83 0 112 57 110 13 133 75 92 66 55 46 15 52 125 88 67 0 1 39 36 65 81 5 19 127 16 63 124 104 44 72 114 33 97 91 69 131 60 49 111 98 121 86 6 106 123 37 126 8 117 26 116 90 17 115 50 58 45 56 51 74 109 34 2 28 93 20 77 94 48 30 132 11 73 71 
0 44 43 37 70 21 80 34 92 119 94 105 117 20 78 62 16 50 79 91 121 127 110 24 41 81 109 97 86 135 101 0 113 0 8 15 67 56 49 64 22 104 99 7 48 130 28 120 58 0 5 17 76 134 95 57 45 18 33 122 0 53 30 12 61 103 60 52 102 40 66 51 38 89 55 13 69 106 36 10 2 1 68 115 100 0 96 129 3 11 35 4 133 74 98 131 65 107 111 32 47 77 83 25 82 88 108 126 27 59 124 23 90 75 84 29 125 54 73 26 128 118 112 63 116 14 0 72 39 9 31 114 6 42 46 71 132 19 93 87 123 85 
0 98 90 89 135 79 117 61 42 127 88 123 0 62 131 20 65 125 63 56 12 0 86 132 18 104 31 21 57 16 81 75 35 13 119 5 30 130 25 129 49 39 7 32 0 59 110 14 128 2 47 40 74 29 84 33 1 78 109 69 72 19 11 77 37 51 41 43 6 9 53 70 60 45 103 15 55 48 83 8 46 91 73 54 134 96 92 105 133 121 34 124 99 3 10 68 66 118 0 23 36 97 26 112 24 100 0 71 115 102 38 95 101 122 93 0 28 107 67 76 82 58 17 87 22 27 94 126 120 114 50 113 4 85 64 116 44 108 106 111 80 52 
0 13 33 70 115 79 32 103 31 19 111 97 76 26 16 55 56 80 125 25 94 77 3 0 54 45 17 20 92 21 18 12 11 8 102 15 113 1 72 132 67 57 95 105 126 29 30 68 89 120 74 42 130 24 59 110 87 122 35 101 9 129 100 46 88 53 86 128 51 28 84 66 85 135 2 71 118 131 52 43 41 22 47 114 127 107 90 44 64 69 96 63 98 27 116 5 109 4 23 104 75 134 93 112 58 0 123 78 0 6 38 0 91 62 10 0 81 14 83 65 119 82 50 106 49 61 7 34 108 48 73 124 60 121 117 99 0 39 40 36 133 37 
0 101 120 22 28 15 86 63 94 122 77 2 59 39 67 116 35 29 75 0 111 56 65 27 0 119 124 79 87 100 96 19 88 99 98 132 93 109 4 31 0 126 81 25 0 69 83 14 103 97 82 71 118 43 57 32 85 89 113 61 0 48 24 129 64 78 115 114 90 128 112 6 104 0 47 107 133 80 91 21 130 68 49 46 51 42 134 44 84 23 3 95 123 73 26 117 66 60 9 7 108 18 127 45 70 12 106 54 17 1 30 34 37 38 135 20 41 121 125 72 131 74 11 52 8 58 5 55 36 62 53 76 92 110 33 16 105 10 102 40 50 13 
0 47 15 119 87 34 107 68 86 84 73 74 2 35 126 61 100 3 104 124 6 43 10 92 134 99 0 120 52 130 19 72 39 41 115 27 1 26 67 93 122 76 133 106 4 21 70 110 36 9 54 116 45 46 94 97 65 48 22 30 129 16 33 59 117 31 42 51 79 71 125 28 128 112 13 82 56 11 8 62 114 53 102 80 23 49 55 123 0 132 38 85 105 91 95 101 118 17 40 121 44 89 98 18 78 111 75 90 109 57 131 69 135 0 58 37 12 83 63 113 32 0 14 96 103 88 25 0 127 81 7 0 20 29 5 24 50 60 66 64 108 77 
0 0 71 60 31 17 126 28 112 20 36 99 27 111 80 37 129 90 113 110 86 73 117 56 125 109 83 69 13 107 61 58 0 39 19 89 105 132 97 50 52 131 18 6 64 119 70 94 79 63 0 123 134 88 32 81 42 74 4 130 26 5 54 48 101 121 44 78 128 12 22 0 93 33 47 87 77 65 96 68 9 15 104 2 75 114 7 133 127 98 40 59 3 16 21 76 122 115 82 120 108 51 72 53 38 95 103 91 11 102 35 135 124 8 49 62 45 0 43 29 67 84 66 106 57 1 34 25 116 30 0 85 23 10 118 14 41 92 46 100 55 24 
0 0 78 56 121 129 100 71 29 19 65 77 62 90 33 120 52 9 2 81 131 112 103 70 63 80 68 37 38 95 11 36 126 25 83 88 16 99 31 4 111 85 50 104 101 86 102 0 0 76 27 26 49 7 0 58 97 53 98 84 57 132 75 66 79 32 59 10 60 123 40 130 82 135 125 109 114 14 44 105 61 24 15 0 93 42 107 87 116 48 122 108 8 34 23 39 67 47 127 20 72 110 113 91 17 5 73 30 21 119 3 45 134 124 74 69 35 12 54 46 92 6 94 106 13 118 28 0 51 64 41 117 18 133 115 128 96 43 89 55 1 22 
0 108 47 50 77 109 79 107 93 95 118 66 68 110 128 10 11 60 43 51 65 34 33 98 91 53 105 73 134 2 7 88 104 135 71 13 32 46 99 122 86 16 52 49 132 15 113 0 97 18 0 81 62 74 84 82 27 0 26 124 83 23 9 114 41 101 115 96 106 90 22 85 80 54 20 56 102 67 103 120 0 1 45 57 100 121 19 87 38 37 0 59 119 94 35 21 131 92 17 3 116 55 31 61 58 42 12 14 6 112 75 63 30 89 76 36 69 111 70 117 126 28 129 29 0 48 130 64 5 78 8 123 4 24 40 133 127 25 125 72 39 44 
0 115 32 2 44 31 113 21 87 43 20 69 125 60 126 0 70 0 41 8 99 76 124 103 61 1 10 9 130 88 82 68 65 26 13 53 0 100 37 89 86 0 78 74 97 132 30 35 55 134 83 25 105 27 14 128 3 36 133 28 15 4 118 90 102 33 104 81 94 71 42 135 29 48 57 127 50 93 121 62 112 95 63 67 59 23 58 109 77 7 114 117 24 66 107 75 72 11 49 85 5 22 40 101 108 119 6 51 45 0 84 80 34 19 92 131 122 98 91 52 0 38 54 56 47 120 39 16 64 96 17 129 79 73 12 110 18 111 106 123 46 116 
0 0 104 119 95 73 38 98 88 112 42 45 54 27 67 7 33 39 70 124 2 80 37 51 130 60 53 125 74 92 77 36 21 91 46 26 11 55 14 50 10 30 127 83 106 105 58 120 41 128 131 66 69 15 61 123 76 109 24 86 16 0 52 81 0 65 44 118 29 23 6 78 40 48 90 1 96 103 12 0 4 110 43 121 9 72 132 99 114 133 108 85 79 35 87 63 13 107 17 102 49 34 135 20 115 59 32 56 101 97 25 113 62 0 5 75 0 100 3 19 126 84 22 116 93 117 71 18 122 82 28 94 64 31 129 47 134 8 57 68 111 89 
0 21 86 52 81 0 104 41 90 74 103 7 6 57 124 8 32 107 51 135 17 87 62 35 109 19 127 132 119 133 0 59 76 46 117 126 33 65 120 105 37 31 38 15 123 84 134 64 93 0 27 53 58 0 66 10 121 60 1 49 77 130 20 13 70 0 73 40 14 12 125 75 18 97 44 114 26 22 23 43 128 91 56 61 96 92 5 118 115 72 2 111 122 116 89 106 102 9 55 30 100 131 11 88 34 50 0 101 112 54 79 82 67 42 3 47 4 25 28 113 45 108 94 71 68 78 36 99 24 95 39 110 98 69 63 80 16 48 129 85 83 29 
0 4 63 106 0 86 128 132 116 3 33 37 85 2 46 73 14 76 54 131 122 9 16 21 1 130 81 64 13 92 23 25 91 41 36 88 40 18 22 120 90 65 29 62 100 95 19 89 112 30 96 101 42 43 45 119 123 0 55 70 47 97 115 87 8 15 102 60 72 104 94 98 117 109 79 124 77 50 10 105 121 135 111 57 82 0 84 0 38 69 35 27 52 31 133 7 6 93 126 74 75 0 12 134 26 114 44 0 66 107 58 67 71 34 78 129 127 99 118 83 32 49 68 17 28 103 11 110 61 5 53 20 51 24 113 59 80 48 108 125 56 39 
0 104 52 1 29 22 127 49 4 28 36 26 79 65 93 9 78 3 88 86 5 134 101 24 85 20 59 62 44 108 57 42 121 102 33 124 31 100 115 69 113 56 0 83 50 54 16 109 8 99 95 133 90 112 118 35 97 43 77 135 25 0 110 75 0 11 116 18 80 47 73 58 70 53 51 66 105 48 96 46 71 60 122 61 12 37 38 40 0 114 55 106 23 2 67 68 123 131 119 0 72 111 103 15 39 30 27 7 94 132 117 13 130 125 89 14 17 76 74 87 120 91 19 126 10 82 0 107 128 32 41 63 45 6 21 34 84 98 64 81 92 129 
0 119 16 10 102 99 135 58 112 93 35 6 17 120 3 41 109 86 2 129 40 59 121 83 132 26 5 34 22 12 75 110 96 30 97 125 33 95 101 104 53 0 90 128 87 0 36 116 0 4 118 76 61 114 25 115 7 127 103 47 42 44 11 72 130 21 84 64 29 133 43 55 49 91 98 94 79 50 73 54 27 105 106 134 85 8 48 89 18 9 32 123 56 0 74 77 19 57 70 100 31 20 24 71 80 62 81 37 45 67 51 88 111 46 0 38 14 63 69 60 13 122 1 108 113 28 126 52 68 92 107 65 117 82 131 39 66 15 124 0 23 78 
0 47 39 0 124 113 123 30 102 122 13 45 65 5 92 54 28 78 88 16 72 74 134 14 89 135 75 20 21 86 46 40 62 73 44 58 17 109 50 126 133 87 42 49 103 33 37 76 2 48 27 8 100 0 23 68 18 0 31 69 38 97 119 43 115 79 99 98 0 24 26 81 93 130 104 83 22 117 4 132 51 118 107 131 90 116 129 121 85 53 70 57 3 63 82 9 120 67 19 71 84 0 106 105 41 80 61 95 96 15 36 29 0 108 6 128 56 114 1 11 55 35 59 7 112 64 60 127 12 110 94 32 34 66 52 101 77 111 10 25 91 125 
0 75 49 7 109 103 58 21 131 112 86 6 19 24 60 26 114 40 126 124 111 39 46 18 97 110 71 130 123 115 29 119 79 128 54 10 120 67 11 20 5 92 36 57 66 78 56 1 104 8 108 50 91 48 98 32 118 70 62 42 38 96 53 102 81 100 15 4 9 76 117 85 25 17 90 52 127 23 68 28 12 61 122 27 80 65 34 88 95 82 41 37 16 94 35 116 105 64 51 0 133 59 0 69 99 33 0 87 0 0 2 84 0 14 45 31 125 43 47 101 13 107 129 30 134 135 72 74 55 3 22 121 63 73 132 44 89 83 77 106 113 93 
0 40 32 54 64 56 0 13 121 15 95 129 68 14 103 59 71 110 29 33 0 116 5 67 65 102 113 70 85 75 132 18 115 97 63 125 20 31 98 38 87 73 28 126 81 58 101 74 118 57 96 43 69 124 8 99 106 112 46 114 77 131 4 61 24 92 60 119 62 11 134 3 34 66 127 39 120 0 21 41 78 42 19 22 47 91 37 12 84 50 1 122 16 26 90 80 79 123 49 0 104 0 107 6 9 72 17 25 48 109 51 27 108 10 128 88 44 52 76 82 55 86 2 83 45 23 36 117 105 135 0 94 133 100 130 53 35 7 89 111 30 93 
0 119 108 111 49 8 118 126 3 67 0 37 61 36 19 5 107 0 62 95 52 57 70 53 40 103 104 6 113 0 4 46 23 60 94 32 0 130 10 14 96 72 59 82 63 20 74 124 91 88 42 2 0 26 112 122 48 102 100 105 120 55 83 69 17 115 90 11 84 99 116 16 68 86 93 78 30 132 106 45 18 75 65 51 12 50 44 98 92 89 76 21 131 114 35 85 71 31 43 133 9 129 79 39 109 25 80 47 24 64 101 38 28 29 134 15 121 125 87 54 22 97 7 123 13 127 34 58 128 117 1 73 77 33 135 41 81 110 27 0 66 56 
0 107 5 123 99 0 44 27 41 111 19 94 0 4 11 63 52 20 73 0 134 120 129 64 125 127 3 98 37 14 55 9 124 135 10 109 75 116 23 108 1 74 117 131 29 87 126 0 65 12 45 76 102 36 40 49 77 42 53 21 57 34 110 103 72 16 50 28 78 96 121 24 119 90 61 95 100 6 0 31 35 132 70 84 86 33 25 92 13 80 97 60 69 79 104 67 114 89 39 112 2 128 88 17 43 15 62 101 22 105 130 133 51 118 8 85 91 32 59 122 26 46 71 93 0 56 54 47 58 115 113 48 68 81 83 38 82 106 7 18 30 66 
0 67 41 0 39 15 119 81 59 60 7 124 132 45 6 71 109 30 115 135 131 86 92 3 100 83 101 37 48 28 34 65 84 75 79 24 2 72 22 29 113 80 103 68 18 17 134 62 88 54 95 0 51 9 85 38 5 57 104 110 56 16 43 46 118 116 123 128 122 108 89 64 33 49 13 99 121 107 133 127 87 126 4 106 125 114 12 21 66 55 44 73 63 35 97 42 53 36 102 91 61 98 19 77 70 23 130 111 1 52 27 96 120 0 94 105 76 25 11 90 40 74 58 32 78 93 0 50 14 129 8 0 112 82 20 47 0 117 26 31 10 69 
0 25 116 90 13 27 11 118 121 38 63 123 1 69 0 54 47 21 9 53 45 74 39 112 42 30 101 120 56 86 100 97 87 0 40 64 91 105 85 61 58 133 0 83 96 88 50 17 70 22 124 126 49 62 135 8 35 28 92 82 29 16 10 119 4 122 34 127 115 0 5 93 7 73 71 0 131 132 12 37 2 26 41 43 80 24 67 129 130 55 75 84 51 72 18 109 128 33 19 95 77 134 108 81 125 98 15 14 111 36 48 106 79 23 104 31 102 0 44 117 59 103 107 20 114 6 32 89 76 78 66 68 99 60 57 110 94 113 46 52 3 65 
0 51 24 42 61 122 74 55 18 29 36 110 126 68 41 54 38 37 35 129 77 70 27 108 34 115 0 98 100 76 39 101 114 56 127 28 99 60 121 13 109 123 86 0 52 50 5 71 83 0 66 84 93 62 58 107 45 26 22 65 88 87 135 67 2 53 16 0 72 69 112 80 73 9 48 78 75 15 21 8 130 116 118 19 132 46 119 133 31 0 120 11 33 63 92 79 20 102 94 124 90 82 7 6 49 0 106 4 113 97 96 32 30 103 59 10 23 14 64 117 85 89 131 40 111 12 128 43 47 17 57 1 25 134 91 104 3 125 105 81 44 95 
0 12 107 72 37 66 57 22 75 112 121 1 15 26 2 17 44 0 7 39 70 54 108 0 43 127 40 99 116 76 59 74 98 110 88 120 61 103 49 33 35 87 25 48 23 18 94 105 124 52 79 0 101 113 67 6 63 46 13 20 16 31 134 29 0 60 58 71 27 123 56 132 95 126 68 109 0 11 117 50 122 47 82 80 106 14 62 34 81 86 135 115 130 73 131 83 38 32 119 53 104 65 21 28 90 118 0 42 84 3 45 129 133 10 100 91 9 51 97 85 93 102 8 36 114 96 41 78 19 77 5 92 64 89 128 125 111 55 30 69 24 4 
0 36 97 88 117 108 135 127 110 0 114 92 38 113 128 33 121 74 134 31 85 0 130 133 0 27 124 12 79 125 105 44 52 15 72 19 24 0 14 63 10 109 65 6 116 8 103 123 83 69 40 45 0 75 21 86 96 67 68 106 64 7 132 0 94 54 18 20 101 112 48 47 13 56 93 73 98 2 9 62 129 51 39 22 71 29 119 89 32 55 66 35 1 99 42 118 61 76 11 60 87 91 82 28 90 104 95 17 41 81 30 115 53 37 102 77 57 49 120 4 5 46 26 111 84 58 100 122 78 80 59 50 34 16 3 25 70 43 107 126 131 23 
0 96 17 82 129 68 70 1 39 36 71 4 37 93 18 116 126 0 62 20 113 10 88 21 15 108 74 118 0 114 8 99 105 133 19 30 75 42 34 54 55 56 41 76 13 91 72 0 111 77 58 103 40 32 64 131 87 134 109 25 100 98 49 94 48 130 50 65 57 3 9 7 117 2 89 5 24 81 95 52 0 78 43 45 0 31 80 69 73 90 102 132 92 6 59 27 22 67 33 66 127 101 51 26 28 120 107 119 122 11 14 115 123 47 29 112 61 83 60 16 53 121 85 35 46 63 23 12 38 84 110 124 135 106 125 86 104 0 128 44 79 97 
0 62 113 39 12 88 134 35 2 71 121 65 100 22 54 95 108 89 80 82 130 132 77 57 87 120 69 112 0 19 50 60 92 5 0 74 119 128 125 47 84 129 27 70 36 131 102 118 93 64 106 78 42 107 124 79 61 43 26 13 55 75 105 49 126 51 6 20 33 29 111 58 14 17 28 68 1 91 90 104 96 127 48 32 83 110 101 123 81 117 45 52 0 0 99 133 9 114 4 10 23 38 66 94 122 103 7 34 37 41 59 31 24 72 15 25 98 46 3 86 73 44 63 30 11 8 116 135 85 115 76 56 109 21 97 53 0 67 0 16 18 40 
0 6 92 34 32 118 3 130 90 51 100 4 50 28 37 91 107 53 35 108 82 93 97 56 64 111 36 96 85 86 76 48 15 132 94 27 40 135 13 42 74 54 80 110 73 26 99 87 23 126 113 128 2 43 79 0 77 59 21 72 45 101 33 44 109 98 119 16 1 39 60 57 0 114 81 84 11 25 88 58 18 115 106 70 69 52 104 0 133 134 112 65 0 0 0 24 125 46 14 68 105 83 71 12 67 63 49 20 103 9 30 78 55 89 66 123 61 29 19 8 121 10 22 47 5 75 95 31 117 102 116 7 127 17 129 41 120 62 124 131 122 38 
0 63 131 133 92 25 127 135 30 13 49 1 69 114 71 84 34 59 52 18 28 26 3 32 70 79 8 58 10 0 128 101 19 68 5 20 67 17 48 23 88 89 102 112 117 38 41 97 130 72 56 100 125 44 134 6 106 109 50 33 93 111 66 80 98 105 9 85 31 95 113 77 29 0 0 96 73 132 61 53 36 15 81 90 40 76 126 7 2 94 78 45 110 87 116 51 47 74 14 124 37 11 0 21 118 82 115 129 22 24 64 46 123 65 99 103 75 62 4 35 43 54 0 42 119 39 27 91 12 55 122 107 0 86 60 57 120 104 108 83 16 121 
0 111 110 129 133 42 95 80 96 135 115 107 119 4 9 33 90 17 56 112 19 97 120 102 100 37 114 68 52 21 66 67 118 39 23 45 10 75 132 2 71 127 55 77 93 122 81 51 5 87 7 134 35 44 89 69 18 116 41 46 103 38 53 79 128 76 99 62 125 32 92 126 124 13 123 113 43 28 36 54 105 0 40 74 63 130 78 11 106 3 98 73 20 82 83 91 47 8 0 50 117 30 101 58 61 24 86 57 15 27 0 6 34 104 1 70 48 109 0 72 88 0 16 29 60 0 49 26 31 14 59 84 64 65 12 22 108 121 25 85 94 131 
