69 79 78 42 58 76 3 29 81 22 70 74 23 11 70 32 4 86 9 10
2 57 1 96 96 35 31 34 14 79 23 44 37 8 21 20 32 67 21 84
34 82 91 37 58 89 41 63 60 14 3 39 49 43 53 24 33 13 32 93
65 26 77 55 2 28 2 50 18 4 92 20 57 90 64 86 54 69 28 80
88 66 57 28 67 83 3 50 86 73 41 84 80 54 7 94 38 16 27 6
39 9 9 39 38 95 20 53 72 32 16 1 71 4 75 27 72 58 21 99
90 79 65 4 48 25 44 12 26 73 86 55 75 24 63 13 85 49 37 64
63 2 41 78 51 36 2 20 25 41 72 17 43 54 27 34 86 12 48 70
44 87 68 62 98 68 30 8 92 5 10 17 21 21 68 27 34 97 42 76
64 32 47 43 43 14 37 30 77 99 91 62 17 74 70 98 13 41 5 52
9 48 18 16 43 14 78 75 48 9 73 70 28 72 10 34 46 37 72 68
14 58 35 13 5 37 1 78 85 1 11 52 14 5 24 30 75 53 20 14
57 21 87 30 20 95 13 55 48 69 37 70 32 91 61 40 12 26 83 40
5 3 1 37 92 76 40 57 50 40 51 8 8 40 76 58 14 32 27 79
99 69 88 60 84 45 33 23 69 26 39 25 31 46 10 35 11 96 57 11
83 73 82 43 29 49 39 5 41 23 40 74 38 31 42 12 69 78 74 76
11 31 28 2 31 51 9 34 70 9 93 9 2 81 1 37 96 45 63 60
19 12 64 99 41 9 65 85 22 22 99 19 18 40 39 13 90 65 77 37
16 26 18 69 92 4 99 40 79 86 70 95 88 26 22 38 55 68 20 6
91 85 31 32 99 8 87 57 55 70 32 69 56 68 58 1 50 43 21 33