0 3 11 9 12 8 7 0 1 6 2 10 0 4 5 
0 10 12 7 6 3 2 5 0 11 8 4 9 1 0 
0 4 10 12 11 3 6 8 2 9 7 1 0 0 5 
0 2 1 11 0 6 10 8 3 0 5 4 12 7 9 
0 10 4 0 2 1 9 8 5 6 3 11 7 12 0 
0 2 10 0 5 11 3 12 4 0 1 8 6 7 9 
0 11 7 2 6 3 5 8 10 0 9 12 0 1 4 
0 8 6 11 4 2 0 12 5 3 0 9 7 1 10 
0 5 2 1 6 11 3 10 0 8 0 7 12 4 9 
0 2 0 11 6 8 5 12 7 10 9 3 4 1 0 
0 6 0 0 7 11 2 9 10 3 4 5 12 8 1 
0 1 2 8 4 10 7 6 0 0 11 12 9 5 3 
0 10 9 8 11 3 12 0 4 6 7 0 5 1 2 
0 9 5 8 11 2 6 10 3 0 7 12 4 1 0 
0 7 2 3 10 1 6 5 12 8 9 0 0 11 4 
0 8 6 0 2 10 12 9 11 4 3 5 1 0 7 
0 6 4 0 9 2 12 8 11 1 3 5 10 7 0 
0 5 4 6 0 8 11 3 2 7 1 0 9 10 12 
0 6 10 0 0 11 4 9 3 1 12 5 7 2 8 
0 5 8 9 4 1 11 2 7 0 12 3 0 10 6 
